(1,2)
(1,1085)
(2,1)
(2,947)
(2,1085)
(3,4)
(3,5)
(3,6)
(3,7)
(4,3)
(4,5)
(4,6)
(4,7)
(5,3)
(5,4)
(5,6)
(5,7)
(6,3)
(6,4)
(6,5)
(6,7)
(7,3)
(7,4)
(7,5)
(7,6)
(8,9)
(8,10)
(8,11)
(8,12)
(9,8)
(10,8)
(10,11)
(10,12)
(10,1425)
(10,1426)
(10,1533)
(11,8)
(11,10)
(11,12)
(12,8)
(12,10)
(12,11)
(13,14)
(13,15)
(13,16)
(13,1048)
(13,1049)
(13,1050)
(13,1051)
(14,13)
(14,15)
(14,16)
(15,13)
(15,14)
(15,16)
(16,13)
(16,14)
(16,15)
(17,18)
(17,19)
(18,17)
(18,19)
(19,17)
(19,18)
(21,22)
(21,23)
(22,21)
(22,23)
(23,21)
(23,22)
(24,25)
(24,26)
(25,24)
(25,26)
(25,202)
(25,203)
(25,370)
(26,24)
(26,25)
(26,202)
(26,203)
(26,370)
(28,29)
(28,30)
(29,28)
(29,30)
(30,28)
(30,29)
(31,32)
(31,33)
(31,34)
(31,35)
(31,55)
(31,132)
(31,328)
(31,403)
(31,841)
(31,895)
(32,31)
(32,33)
(33,31)
(33,32)
(34,31)
(34,35)
(34,52)
(34,53)
(34,54)
(34,55)
(34,132)
(34,133)
(34,134)
(34,135)
(34,191)
(34,376)
(34,377)
(34,378)
(34,465)
(34,486)
(34,489)
(34,490)
(34,508)
(34,509)
(34,510)
(34,562)
(34,563)
(34,840)
(34,841)
(34,1009)
(34,1191)
(34,1192)
(34,1229)
(34,1230)
(34,1296)
(34,1530)
(34,1551)
(34,1552)
(35,31)
(35,34)
(35,54)
(35,55)
(35,132)
(35,133)
(35,134)
(35,135)
(35,562)
(35,563)
(35,653)
(35,655)
(35,656)
(35,658)
(35,757)
(35,761)
(35,762)
(35,763)
(35,764)
(35,840)
(35,841)
(35,866)
(35,1131)
(35,1191)
(35,1192)
(35,1551)
(35,1552)
(36,37)
(36,38)
(36,39)
(36,40)
(36,41)
(37,36)
(37,38)
(37,39)
(37,40)
(37,41)
(38,36)
(38,37)
(38,39)
(38,40)
(38,41)
(39,36)
(39,37)
(39,38)
(39,40)
(39,41)
(40,36)
(40,37)
(40,38)
(40,39)
(40,41)
(41,36)
(41,37)
(41,38)
(41,39)
(41,40)
(43,44)
(44,43)
(45,46)
(45,47)
(46,45)
(46,47)
(46,610)
(46,611)
(46,612)
(46,613)
(47,45)
(47,46)
(47,79)
(47,192)
(47,193)
(47,194)
(47,195)
(47,429)
(47,597)
(47,1362)
(47,1363)
(47,1364)
(48,49)
(48,50)
(48,51)
(49,48)
(49,50)
(49,51)
(49,217)
(49,218)
(49,219)
(50,48)
(50,49)
(50,51)
(51,48)
(51,49)
(51,50)
(52,34)
(52,53)
(52,54)
(52,55)
(52,56)
(52,57)
(52,58)
(52,59)
(52,1009)
(53,34)
(53,52)
(53,54)
(53,55)
(54,34)
(54,35)
(54,52)
(54,53)
(54,55)
(54,133)
(54,134)
(54,135)
(54,562)
(54,563)
(54,1025)
(54,1026)
(54,1316)
(54,1469)
(54,1470)
(54,1471)
(55,31)
(55,34)
(55,35)
(55,52)
(55,53)
(55,54)
(55,133)
(55,134)
(55,135)
(55,489)
(55,490)
(55,562)
(55,563)
(55,840)
(55,841)
(55,1191)
(55,1192)
(55,1229)
(55,1230)
(55,1530)
(55,1551)
(56,52)
(56,57)
(56,91)
(56,185)
(56,548)
(56,655)
(56,894)
(56,935)
(56,1462)
(57,52)
(57,56)
(57,185)
(57,548)
(57,655)
(57,894)
(57,935)
(57,1462)
(58,52)
(58,59)
(58,686)
(59,52)
(59,58)
(60,61)
(60,62)
(61,60)
(61,62)
(62,60)
(62,61)
(63,64)
(63,65)
(63,66)
(63,363)
(63,806)
(63,807)
(63,808)
(63,809)
(63,1017)
(63,1071)
(63,1072)
(63,1073)
(63,1074)
(63,1563)
(63,1564)
(63,1565)
(63,1566)
(63,1567)
(63,1568)
(64,63)
(64,65)
(64,66)
(64,1563)
(64,1564)
(64,1565)
(64,1566)
(64,1567)
(64,1568)
(65,63)
(65,64)
(65,66)
(65,796)
(65,797)
(65,798)
(65,799)
(66,63)
(66,64)
(66,65)
(67,68)
(67,69)
(68,67)
(68,69)
(69,67)
(69,68)
(70,71)
(70,72)
(70,73)
(70,98)
(70,311)
(70,710)
(70,711)
(70,758)
(70,759)
(70,978)
(70,1083)
(70,1084)
(71,70)
(71,72)
(71,73)
(72,70)
(72,71)
(72,73)
(72,150)
(72,151)
(72,152)
(72,158)
(72,159)
(72,710)
(72,737)
(72,738)
(73,70)
(73,71)
(73,72)
(73,236)
(73,444)
(73,710)
(73,739)
(73,758)
(73,759)
(73,978)
(74,75)
(74,76)
(74,77)
(75,74)
(75,76)
(75,77)
(76,74)
(76,75)
(76,77)
(77,74)
(77,75)
(77,76)
(77,523)
(77,1382)
(77,1589)
(78,79)
(78,80)
(78,81)
(79,47)
(79,78)
(79,80)
(79,81)
(79,122)
(79,282)
(79,306)
(79,307)
(79,308)
(79,309)
(79,310)
(79,371)
(79,372)
(79,491)
(79,642)
(79,647)
(79,757)
(79,760)
(79,854)
(79,1006)
(79,1122)
(79,1123)
(79,1124)
(79,1173)
(79,1196)
(79,1197)
(79,1198)
(80,78)
(80,79)
(80,81)
(81,78)
(81,79)
(81,80)
(82,83)
(82,84)
(83,82)
(83,84)
(83,564)
(83,1499)
(84,82)
(84,83)
(85,86)
(85,87)
(86,85)
(86,87)
(87,85)
(87,86)
(88,89)
(88,712)
(89,88)
(89,712)
(89,977)
(89,992)
(91,56)
(92,93)
(92,94)
(93,92)
(93,94)
(94,92)
(94,93)
(95,96)
(95,97)
(95,98)
(95,99)
(95,100)
(95,101)
(95,151)
(95,226)
(95,709)
(96,95)
(96,97)
(96,98)
(96,99)
(97,95)
(97,96)
(97,98)
(97,99)
(97,100)
(97,101)
(97,151)
(97,226)
(97,701)
(97,702)
(97,703)
(97,709)
(97,1178)
(97,1482)
(97,1483)
(98,70)
(98,95)
(98,96)
(98,97)
(98,99)
(98,100)
(98,101)
(98,311)
(98,709)
(98,710)
(98,711)
(99,95)
(99,96)
(99,97)
(99,98)
(100,95)
(100,97)
(100,98)
(100,101)
(100,709)
(101,95)
(101,97)
(101,98)
(101,100)
(103,104)
(103,105)
(104,103)
(104,105)
(105,103)
(105,104)
(106,107)
(106,108)
(107,106)
(107,108)
(107,860)
(108,106)
(108,107)
(109,110)
(110,109)
(112,113)
(113,112)
(114,115)
(115,114)
(115,1163)
(115,1164)
(117,118)
(118,117)
(118,936)
(118,937)
(118,938)
(118,939)
(119,120)
(119,440)
(119,442)
(120,119)
(121,122)
(122,79)
(122,121)
(122,549)
(122,550)
(122,551)
(122,765)
(122,766)
(122,1031)
(122,1256)
(123,124)
(123,125)
(124,123)
(124,125)
(125,123)
(125,124)
(127,128)
(127,129)
(127,771)
(127,772)
(127,773)
(127,774)
(128,127)
(128,129)
(128,152)
(128,518)
(128,771)
(128,772)
(128,773)
(128,774)
(128,1022)
(128,1023)
(128,1024)
(128,1461)
(129,127)
(129,128)
(129,1022)
(129,1023)
(129,1024)
(130,131)
(131,130)
(132,31)
(132,34)
(132,35)
(132,204)
(133,34)
(133,35)
(133,54)
(133,55)
(133,134)
(133,135)
(133,562)
(133,563)
(133,1229)
(133,1230)
(134,34)
(134,35)
(134,54)
(134,55)
(134,133)
(134,135)
(134,562)
(134,563)
(135,34)
(135,35)
(135,54)
(135,55)
(135,133)
(135,134)
(135,562)
(135,563)
(136,137)
(137,136)
(137,217)
(137,224)
(137,586)
(137,587)
(137,588)
(137,730)
(138,139)
(139,138)
(140,141)
(140,142)
(140,143)
(140,144)
(140,145)
(140,146)
(140,147)
(140,148)
(140,149)
(141,140)
(141,142)
(141,143)
(141,144)
(141,145)
(141,146)
(141,147)
(141,148)
(141,149)
(142,140)
(142,141)
(142,143)
(142,144)
(142,145)
(142,146)
(142,147)
(142,148)
(142,149)
(143,140)
(143,141)
(143,142)
(143,144)
(143,145)
(143,146)
(143,147)
(143,148)
(143,149)
(144,140)
(144,141)
(144,142)
(144,143)
(144,145)
(144,146)
(144,147)
(144,148)
(144,149)
(145,140)
(145,141)
(145,142)
(145,143)
(145,144)
(145,146)
(145,147)
(145,148)
(145,149)
(146,140)
(146,141)
(146,142)
(146,143)
(146,144)
(146,145)
(146,147)
(146,148)
(146,149)
(147,140)
(147,141)
(147,142)
(147,143)
(147,144)
(147,145)
(147,146)
(147,148)
(147,149)
(148,140)
(148,141)
(148,142)
(148,143)
(148,144)
(148,145)
(148,146)
(148,147)
(148,149)
(149,140)
(149,141)
(149,142)
(149,143)
(149,144)
(149,145)
(149,146)
(149,147)
(149,148)
(150,72)
(150,151)
(150,152)
(150,153)
(151,72)
(151,95)
(151,97)
(151,150)
(151,152)
(151,226)
(151,282)
(151,302)
(151,501)
(151,517)
(151,518)
(151,1178)
(151,1179)
(151,1222)
(151,1343)
(152,72)
(152,128)
(152,150)
(152,151)
(152,226)
(152,302)
(152,331)
(152,332)
(152,517)
(152,518)
(152,964)
(152,965)
(152,1089)
(152,1461)
(153,150)
(153,518)
(154,155)
(154,156)
(154,157)
(155,154)
(155,156)
(155,157)
(156,154)
(156,155)
(156,157)
(157,154)
(157,155)
(157,156)
(158,72)
(158,159)
(159,72)
(159,158)
(161,162)
(162,161)
(163,164)
(163,302)
(163,317)
(163,639)
(163,640)
(164,163)
(165,166)
(166,165)
(167,168)
(167,407)
(168,167)
(170,171)
(170,172)
(171,170)
(171,172)
(172,170)
(172,171)
(172,919)
(173,174)
(173,175)
(174,173)
(174,175)
(175,173)
(175,174)
(176,177)
(176,178)
(177,176)
(177,178)
(178,176)
(178,177)
(178,927)
(180,181)
(180,182)
(181,180)
(181,182)
(182,180)
(182,181)
(183,184)
(184,183)
(185,56)
(185,57)
(185,186)
(185,187)
(186,185)
(186,187)
(187,185)
(187,186)
(187,1163)
(187,1414)
(187,1415)
(187,1416)
(188,189)
(188,190)
(189,188)
(189,190)
(190,188)
(190,189)
(190,568)
(190,651)
(190,652)
(191,34)
(191,508)
(191,509)
(191,510)
(192,47)
(192,193)
(192,194)
(192,195)
(193,47)
(193,192)
(193,194)
(194,47)
(194,192)
(194,193)
(195,47)
(195,192)
(195,956)
(195,957)
(195,1136)
(195,1137)
(195,1138)
(195,1139)
(195,1385)
(195,1386)
(196,197)
(196,198)
(196,199)
(196,200)
(197,196)
(197,198)
(197,199)
(197,200)
(198,196)
(198,197)
(198,199)
(198,200)
(199,196)
(199,197)
(199,198)
(199,200)
(200,196)
(200,197)
(200,198)
(200,199)
(201,202)
(201,203)
(202,25)
(202,26)
(202,201)
(202,203)
(203,25)
(203,26)
(203,201)
(203,202)
(204,132)
(204,302)
(204,303)
(204,304)
(204,317)
(204,318)
(206,207)
(207,206)
(208,209)
(208,210)
(208,1478)
(208,1479)
(209,208)
(209,210)
(210,208)
(210,209)
(211,212)
(211,213)
(212,211)
(212,213)
(213,211)
(213,212)
(214,215)
(214,216)
(215,214)
(215,216)
(216,214)
(216,215)
(217,49)
(217,137)
(217,218)
(217,219)
(217,220)
(217,221)
(217,222)
(217,223)
(217,224)
(217,225)
(217,252)
(217,253)
(217,346)
(217,347)
(217,348)
(217,517)
(217,789)
(217,1042)
(217,1453)
(218,49)
(218,217)
(218,219)
(218,252)
(218,253)
(219,49)
(219,217)
(219,218)
(219,220)
(219,221)
(219,225)
(219,252)
(219,253)
(219,1042)
(220,217)
(220,219)
(220,221)
(220,222)
(220,223)
(220,225)
(220,344)
(220,474)
(220,698)
(220,1146)
(220,1283)
(220,1284)
(220,1395)
(220,1396)
(220,1397)
(220,1398)
(220,1561)
(220,1562)
(221,217)
(221,219)
(221,220)
(221,222)
(221,223)
(221,225)
(222,217)
(222,220)
(222,221)
(222,223)
(222,344)
(222,1146)
(223,217)
(223,220)
(223,221)
(223,222)
(223,474)
(224,137)
(224,217)
(225,217)
(225,219)
(225,220)
(225,221)
(225,1042)
(226,95)
(226,97)
(226,151)
(226,152)
(226,517)
(226,518)
(227,228)
(228,227)
(228,1075)
(229,230)
(229,231)
(229,232)
(230,229)
(230,231)
(230,232)
(231,229)
(231,230)
(231,232)
(232,229)
(232,230)
(232,231)
(234,235)
(234,236)
(235,234)
(235,236)
(236,73)
(236,234)
(236,235)
(238,239)
(239,238)
(240,241)
(240,242)
(240,1501)
(240,1502)
(240,1503)
(240,1504)
(241,240)
(242,240)
(243,244)
(244,243)
(244,928)
(244,1519)
(244,1520)
(244,1521)
(245,246)
(245,247)
(245,248)
(245,436)
(245,514)
(245,1231)
(246,245)
(246,436)
(246,514)
(247,245)
(248,245)
(248,416)
(248,1125)
(248,1126)
(249,250)
(249,251)
(250,249)
(250,251)
(251,249)
(251,250)
(252,217)
(252,218)
(252,219)
(252,253)
(253,217)
(253,218)
(253,219)
(253,252)
(253,346)
(253,347)
(253,348)
(255,256)
(255,257)
(255,1001)
(256,255)
(256,257)
(256,1001)
(257,255)
(257,256)
(259,260)
(259,1167)
(259,1168)
(260,259)
(260,1167)
(260,1168)
(261,262)
(262,261)
(263,264)
(263,265)
(263,266)
(263,267)
(263,268)
(263,269)
(263,270)
(264,263)
(264,265)
(264,266)
(264,267)
(264,268)
(264,269)
(264,270)
(264,945)
(264,946)
(265,263)
(265,264)
(265,266)
(265,267)
(265,268)
(265,269)
(265,270)
(266,263)
(266,264)
(266,265)
(266,267)
(266,268)
(266,269)
(266,270)
(266,308)
(266,909)
(266,945)
(266,946)
(267,263)
(267,264)
(267,265)
(267,266)
(267,268)
(267,269)
(267,270)
(267,308)
(267,909)
(267,945)
(267,946)
(268,263)
(268,264)
(268,265)
(268,266)
(268,267)
(268,269)
(268,270)
(269,263)
(269,264)
(269,265)
(269,266)
(269,267)
(269,268)
(269,270)
(269,308)
(269,909)
(269,945)
(269,946)
(270,263)
(270,264)
(270,265)
(270,266)
(270,267)
(270,268)
(270,269)
(271,272)
(272,271)
(274,275)
(274,276)
(275,274)
(275,276)
(276,274)
(276,275)
(276,607)
(276,608)
(276,609)
(277,278)
(277,279)
(278,277)
(278,279)
(278,402)
(278,403)
(278,404)
(278,405)
(278,406)
(278,596)
(279,277)
(279,278)
(279,402)
(279,403)
(279,404)
(279,405)
(279,406)
(279,596)
(280,281)
(280,282)
(280,283)
(280,284)
(280,285)
(280,286)
(281,280)
(281,282)
(281,283)
(281,284)
(281,285)
(281,286)
(282,79)
(282,151)
(282,280)
(282,281)
(282,283)
(282,284)
(282,285)
(282,286)
(282,575)
(282,576)
(282,577)
(282,1082)
(282,1179)
(282,1343)
(282,1344)
(282,1345)
(282,1452)
(283,280)
(283,281)
(283,282)
(283,284)
(283,285)
(283,286)
(283,451)
(284,280)
(284,281)
(284,282)
(284,283)
(284,285)
(284,286)
(284,575)
(284,1452)
(285,280)
(285,281)
(285,282)
(285,283)
(285,284)
(285,286)
(286,280)
(286,281)
(286,282)
(286,283)
(286,284)
(286,285)
(287,288)
(287,289)
(287,290)
(288,287)
(288,289)
(289,287)
(289,288)
(289,290)
(290,287)
(290,289)
(291,292)
(291,293)
(292,291)
(292,293)
(293,291)
(293,292)
(294,295)
(294,743)
(294,744)
(294,745)
(294,932)
(294,933)
(294,1279)
(294,1369)
(294,1370)
(295,294)
(295,743)
(295,744)
(295,745)
(295,747)
(295,861)
(295,932)
(295,933)
(295,1029)
(295,1030)
(295,1279)
(295,1369)
(295,1370)
(295,1465)
(295,1466)
(295,1467)
(295,1468)
(295,1554)
(295,1555)
(295,1556)
(297,298)
(297,299)
(297,300)
(297,301)
(298,297)
(299,297)
(299,300)
(299,301)
(300,297)
(300,299)
(300,301)
(301,297)
(301,299)
(301,300)
(301,974)
(301,1498)
(302,151)
(302,152)
(302,163)
(302,204)
(302,303)
(302,304)
(302,305)
(302,317)
(302,318)
(302,464)
(302,639)
(302,640)
(303,204)
(303,302)
(303,304)
(303,305)
(303,1183)
(304,204)
(304,302)
(304,303)
(304,500)
(304,1027)
(304,1417)
(304,1418)
(305,302)
(305,303)
(306,79)
(306,307)
(306,308)
(306,309)
(306,310)
(307,79)
(307,306)
(307,308)
(307,309)
(308,79)
(308,266)
(308,267)
(308,269)
(308,306)
(308,307)
(308,309)
(308,591)
(308,909)
(309,79)
(309,306)
(309,307)
(309,308)
(309,310)
(309,1040)
(309,1041)
(309,1550)
(310,79)
(310,306)
(310,309)
(310,372)
(310,491)
(310,492)
(310,494)
(311,70)
(311,98)
(312,313)
(313,312)
(314,315)
(314,316)
(315,314)
(315,316)
(315,1399)
(316,314)
(316,315)
(317,163)
(317,204)
(317,302)
(317,318)
(317,639)
(317,640)
(318,204)
(318,302)
(318,317)
(319,320)
(320,319)
(320,422)
(321,322)
(321,323)
(321,324)
(321,325)
(321,326)
(321,1271)
(322,321)
(322,323)
(322,324)
(322,1271)
(323,321)
(323,322)
(323,324)
(324,321)
(324,322)
(324,323)
(324,325)
(324,326)
(325,321)
(325,324)
(325,326)
(326,321)
(326,324)
(326,325)
(327,328)
(327,329)
(327,330)
(328,31)
(328,327)
(328,329)
(328,330)
(328,403)
(328,417)
(328,418)
(328,597)
(328,895)
(328,1190)
(328,1405)
(328,1406)
(328,1407)
(328,1408)
(328,1409)
(329,327)
(329,328)
(329,330)
(329,403)
(329,417)
(329,1190)
(330,327)
(330,328)
(330,329)
(330,548)
(330,1390)
(331,152)
(331,332)
(331,1215)
(331,1216)
(331,1217)
(331,1218)
(332,152)
(332,331)
(333,334)
(333,335)
(333,336)
(334,333)
(334,335)
(334,336)
(335,333)
(335,334)
(335,336)
(336,333)
(336,334)
(336,335)
(337,338)
(338,337)
(338,632)
(338,1571)
(338,1572)
(338,1573)
(338,1574)
(339,340)
(339,341)
(339,342)
(340,339)
(340,341)
(340,342)
(341,339)
(341,340)
(341,342)
(342,339)
(342,340)
(342,341)
(343,344)
(343,345)
(343,693)
(344,220)
(344,222)
(344,343)
(344,345)
(344,698)
(344,1146)
(344,1395)
(344,1396)
(344,1397)
(344,1398)
(345,343)
(345,344)
(346,217)
(346,253)
(346,347)
(346,348)
(347,217)
(347,253)
(347,346)
(347,348)
(347,517)
(347,789)
(348,217)
(348,253)
(348,346)
(348,347)
(349,350)
(349,351)
(349,352)
(349,353)
(349,354)
(350,349)
(350,351)
(350,352)
(350,353)
(350,354)
(351,349)
(351,350)
(351,352)
(351,353)
(351,354)
(351,687)
(352,349)
(352,350)
(352,351)
(352,353)
(352,354)
(353,349)
(353,350)
(353,351)
(353,352)
(353,354)
(354,349)
(354,350)
(354,351)
(354,352)
(354,353)
(355,356)
(355,357)
(356,355)
(356,357)
(357,355)
(357,356)
(358,359)
(358,360)
(358,361)
(358,362)
(359,358)
(359,360)
(359,361)
(359,362)
(360,358)
(360,359)
(361,358)
(361,359)
(361,362)
(362,358)
(362,359)
(362,361)
(363,63)
(363,364)
(363,365)
(363,366)
(363,806)
(363,807)
(363,808)
(363,1072)
(363,1350)
(363,1351)
(363,1352)
(363,1353)
(364,363)
(365,363)
(365,366)
(366,363)
(366,365)
(367,368)
(367,369)
(368,367)
(368,369)
(369,367)
(369,368)
(370,25)
(370,26)
(371,79)
(371,372)
(372,79)
(372,310)
(372,371)
(372,760)
(372,867)
(372,868)
(373,374)
(373,375)
(374,373)
(374,375)
(375,373)
(375,374)
(376,34)
(376,377)
(376,378)
(376,379)
(376,1264)
(376,1296)
(377,34)
(377,376)
(377,378)
(377,379)
(377,1264)
(377,1296)
(378,34)
(378,376)
(378,377)
(378,379)
(378,1264)
(378,1296)
(378,1348)
(378,1349)
(379,376)
(379,377)
(379,378)
(380,381)
(380,382)
(381,380)
(381,382)
(382,380)
(382,381)
(383,384)
(383,385)
(384,383)
(384,385)
(385,383)
(385,384)
(386,387)
(386,388)
(386,389)
(386,390)
(386,391)
(386,392)
(386,393)
(387,386)
(387,388)
(387,389)
(387,390)
(387,391)
(387,392)
(387,393)
(388,386)
(388,387)
(388,389)
(388,390)
(388,391)
(388,392)
(388,393)
(389,386)
(389,387)
(389,388)
(389,390)
(389,391)
(389,392)
(389,393)
(390,386)
(390,387)
(390,388)
(390,389)
(390,391)
(390,392)
(390,393)
(391,386)
(391,387)
(391,388)
(391,389)
(391,390)
(391,392)
(391,393)
(392,386)
(392,387)
(392,388)
(392,389)
(392,390)
(392,391)
(392,393)
(393,386)
(393,387)
(393,388)
(393,389)
(393,390)
(393,391)
(393,392)
(394,395)
(394,396)
(394,397)
(395,394)
(395,396)
(395,397)
(396,394)
(396,395)
(396,397)
(397,394)
(397,395)
(397,396)
(398,399)
(398,400)
(398,401)
(399,398)
(399,400)
(399,401)
(400,398)
(400,399)
(400,401)
(401,398)
(401,399)
(401,400)
(402,278)
(402,279)
(402,403)
(402,404)
(402,405)
(402,406)
(403,31)
(403,278)
(403,279)
(403,328)
(403,329)
(403,402)
(403,404)
(403,405)
(403,406)
(403,417)
(403,418)
(403,895)
(404,278)
(404,279)
(404,402)
(404,403)
(404,405)
(404,406)
(404,596)
(405,278)
(405,279)
(405,402)
(405,403)
(405,404)
(405,406)
(406,278)
(406,279)
(406,402)
(406,403)
(406,404)
(406,405)
(407,167)
(409,410)
(409,411)
(409,412)
(409,413)
(409,414)
(410,409)
(410,411)
(410,412)
(410,413)
(411,409)
(411,410)
(411,412)
(411,413)
(411,414)
(412,409)
(412,410)
(412,411)
(412,413)
(413,409)
(413,410)
(413,411)
(413,412)
(413,414)
(414,409)
(414,411)
(414,413)
(415,416)
(416,248)
(416,415)
(416,923)
(416,1125)
(416,1126)
(416,1234)
(416,1235)
(417,328)
(417,329)
(417,403)
(417,597)
(417,1405)
(417,1406)
(417,1407)
(417,1408)
(417,1409)
(418,328)
(418,403)
(419,420)
(420,419)
(422,320)
(423,424)
(423,425)
(424,423)
(424,425)
(425,423)
(425,424)
(426,427)
(426,428)
(427,426)
(427,428)
(428,426)
(428,427)
(429,47)
(429,430)
(429,1362)
(429,1363)
(430,429)
(431,432)
(431,433)
(432,431)
(433,431)
(434,435)
(435,434)
(436,245)
(436,246)
(437,438)
(437,439)
(438,437)
(438,439)
(439,437)
(439,438)
(440,119)
(440,441)
(440,442)
(441,440)
(442,119)
(442,440)
(443,444)
(444,73)
(444,443)
(444,676)
(444,677)
(444,739)
(444,740)
(445,446)
(446,445)
(446,700)
(447,448)
(447,449)
(447,450)
(448,447)
(448,449)
(448,450)
(449,447)
(449,448)
(449,450)
(450,447)
(450,448)
(450,449)
(451,283)
(453,454)
(453,455)
(453,456)
(453,457)
(453,458)
(453,459)
(453,460)
(454,453)
(454,455)
(454,456)
(454,457)
(454,458)
(454,459)
(454,460)
(455,453)
(455,454)
(455,456)
(455,457)
(455,458)
(455,459)
(455,460)
(456,453)
(456,454)
(456,455)
(456,457)
(456,458)
(456,459)
(456,460)
(457,453)
(457,454)
(457,455)
(457,456)
(457,458)
(457,459)
(457,460)
(458,453)
(458,454)
(458,455)
(458,456)
(458,457)
(458,459)
(458,460)
(459,453)
(459,454)
(459,455)
(459,456)
(459,457)
(459,458)
(459,460)
(460,453)
(460,454)
(460,455)
(460,456)
(460,457)
(460,458)
(460,459)
(461,462)
(461,463)
(461,464)
(462,461)
(462,463)
(462,464)
(463,461)
(463,462)
(463,464)
(464,302)
(464,461)
(464,462)
(464,463)
(464,639)
(465,34)
(465,466)
(465,467)
(466,465)
(466,467)
(467,465)
(467,466)
(468,469)
(468,470)
(468,471)
(468,472)
(469,468)
(469,470)
(469,471)
(469,472)
(470,468)
(470,469)
(470,471)
(470,472)
(471,468)
(471,469)
(471,470)
(471,472)
(472,468)
(472,469)
(472,470)
(472,471)
(473,474)
(473,475)
(473,985)
(473,1092)
(474,220)
(474,223)
(474,473)
(474,475)
(474,985)
(474,986)
(474,1092)
(474,1093)
(475,473)
(475,474)
(476,477)
(476,478)
(476,479)
(477,476)
(478,476)
(478,479)
(479,476)
(479,478)
(479,941)
(480,481)
(480,482)
(480,483)
(481,480)
(481,482)
(481,483)
(482,480)
(482,481)
(482,483)
(482,1236)
(482,1237)
(482,1251)
(482,1252)
(483,480)
(483,481)
(483,482)
(483,1047)
(483,1245)
(483,1246)
(483,1247)
(483,1248)
(483,1456)
(484,485)
(485,484)
(486,34)
(487,488)
(488,487)
(489,34)
(489,55)
(489,490)
(490,34)
(490,55)
(490,489)
(491,79)
(491,310)
(491,492)
(491,493)
(491,494)
(492,310)
(492,491)
(493,491)
(494,310)
(494,491)
(495,496)
(495,497)
(496,495)
(496,497)
(497,495)
(497,496)
(497,781)
(497,782)
(497,1410)
(497,1411)
(498,499)
(499,498)
(500,304)
(501,151)
(501,502)
(501,503)
(501,504)
(501,1222)
(502,501)
(502,503)
(503,501)
(503,502)
(503,504)
(504,501)
(504,503)
(506,507)
(507,506)
(508,34)
(508,191)
(508,509)
(508,510)
(509,34)
(509,191)
(509,508)
(509,510)
(510,34)
(510,191)
(510,508)
(510,509)
(512,513)
(513,512)
(514,245)
(514,246)
(515,516)
(515,517)
(515,518)
(516,515)
(516,517)
(516,518)
(516,675)
(517,151)
(517,152)
(517,217)
(517,226)
(517,347)
(517,515)
(517,516)
(517,518)
(517,675)
(517,789)
(517,1087)
(517,1088)
(517,1089)
(517,1090)
(518,128)
(518,151)
(518,152)
(518,153)
(518,226)
(518,515)
(518,516)
(518,517)
(518,964)
(518,965)
(518,1342)
(518,1461)
(519,520)
(520,519)
(521,522)
(522,521)
(523,77)
(523,524)
(523,525)
(523,526)
(523,527)
(523,528)
(523,1382)
(523,1589)
(524,523)
(524,525)
(524,526)
(524,527)
(524,743)
(524,747)
(524,1357)
(525,523)
(525,524)
(525,526)
(525,527)
(525,1323)
(526,523)
(526,524)
(526,525)
(526,527)
(527,523)
(527,524)
(527,525)
(527,526)
(528,523)
(529,530)
(530,529)
(531,532)
(531,533)
(531,534)
(531,1534)
(531,1535)
(531,1536)
(532,531)
(532,533)
(532,534)
(532,1534)
(532,1535)
(532,1536)
(533,531)
(533,532)
(533,534)
(533,1534)
(533,1535)
(533,1536)
(534,531)
(534,532)
(534,533)
(535,536)
(536,535)
(538,539)
(538,540)
(538,541)
(538,542)
(538,543)
(538,690)
(538,691)
(539,538)
(539,540)
(540,538)
(540,539)
(540,690)
(540,691)
(541,538)
(541,542)
(541,543)
(542,538)
(542,541)
(542,543)
(543,538)
(543,541)
(543,542)
(545,546)
(546,545)
(547,548)
(548,56)
(548,57)
(548,330)
(548,547)
(548,1240)
(548,1390)
(549,122)
(549,550)
(549,551)
(550,122)
(550,549)
(550,551)
(551,122)
(551,549)
(551,550)
(551,1031)
(553,554)
(553,555)
(554,553)
(554,555)
(555,553)
(555,554)
(557,558)
(557,559)
(558,557)
(558,559)
(559,557)
(559,558)
(560,561)
(561,560)
(562,34)
(562,35)
(562,54)
(562,55)
(562,133)
(562,134)
(562,135)
(562,563)
(563,34)
(563,35)
(563,54)
(563,55)
(563,133)
(563,134)
(563,135)
(563,562)
(564,83)
(564,565)
(564,566)
(564,567)
(565,564)
(565,566)
(565,567)
(566,564)
(566,565)
(566,567)
(567,564)
(567,565)
(567,566)
(568,190)
(568,651)
(568,652)
(569,570)
(570,569)
(571,572)
(572,571)
(573,574)
(574,573)
(575,282)
(575,284)
(575,576)
(575,577)
(576,282)
(576,575)
(577,282)
(577,575)
(578,579)
(579,578)
(581,582)
(581,583)
(582,581)
(582,583)
(583,581)
(583,582)
(584,585)
(585,584)
(586,137)
(586,587)
(586,588)
(587,137)
(587,586)
(587,588)
(588,137)
(588,586)
(588,587)
(588,730)
(590,591)
(590,592)
(590,593)
(590,1181)
(590,1182)
(591,308)
(591,590)
(591,592)
(591,593)
(591,1181)
(591,1182)
(592,590)
(592,591)
(592,593)
(592,1181)
(592,1182)
(593,590)
(593,591)
(593,592)
(594,595)
(595,594)
(596,278)
(596,279)
(596,404)
(597,47)
(597,328)
(597,417)
(598,599)
(598,790)
(598,791)
(599,598)
(600,601)
(601,600)
(603,604)
(604,603)
(607,276)
(607,608)
(607,609)
(608,276)
(608,607)
(608,609)
(609,276)
(609,607)
(609,608)
(610,46)
(610,611)
(610,612)
(610,613)
(611,46)
(611,610)
(612,46)
(612,610)
(612,613)
(613,46)
(613,610)
(613,612)
(615,616)
(616,615)
(617,618)
(618,617)
(619,620)
(619,621)
(620,619)
(620,621)
(621,619)
(621,620)
(622,623)
(623,622)
(624,625)
(625,624)
(626,627)
(626,628)
(626,629)
(627,626)
(627,628)
(627,629)
(628,626)
(628,627)
(628,629)
(629,626)
(629,627)
(629,628)
(630,631)
(630,632)
(631,630)
(631,632)
(631,1580)
(632,338)
(632,630)
(632,631)
(632,784)
(632,785)
(632,1571)
(632,1572)
(632,1573)
(632,1574)
(632,1575)
(632,1580)
(633,634)
(634,633)
(636,637)
(636,638)
(637,636)
(637,638)
(638,636)
(638,637)
(639,163)
(639,302)
(639,317)
(639,464)
(639,640)
(639,641)
(640,163)
(640,302)
(640,317)
(640,639)
(641,639)
(642,79)
(643,644)
(643,713)
(643,714)
(644,643)
(646,1430)
(646,1431)
(646,1432)
(646,1433)
(646,1434)
(646,1435)
(646,1436)
(646,1437)
(646,1438)
(646,1439)
(646,1440)
(646,1441)
(646,1442)
(646,1443)
(646,1444)
(646,1445)
(646,1446)
(646,1447)
(646,1448)
(647,79)
(647,854)
(648,649)
(649,648)
(651,190)
(651,568)
(651,652)
(652,190)
(652,568)
(652,651)
(653,35)
(653,654)
(653,655)
(653,656)
(653,657)
(653,658)
(653,894)
(654,653)
(654,655)
(654,656)
(655,35)
(655,56)
(655,57)
(655,653)
(655,654)
(655,656)
(655,657)
(655,658)
(655,775)
(655,864)
(655,865)
(655,866)
(655,894)
(655,1131)
(656,35)
(656,653)
(656,654)
(656,655)
(656,657)
(656,658)
(656,894)
(657,653)
(657,655)
(657,656)
(658,35)
(658,653)
(658,655)
(658,656)
(658,775)
(658,1131)
(659,660)
(659,661)
(659,662)
(660,659)
(660,661)
(660,662)
(661,659)
(661,660)
(661,662)
(662,659)
(662,660)
(662,661)
(663,664)
(663,665)
(663,666)
(663,667)
(663,678)
(663,793)
(663,794)
(663,795)
(664,663)
(664,665)
(664,666)
(664,667)
(664,678)
(665,663)
(665,664)
(665,666)
(665,667)
(666,663)
(666,664)
(666,665)
(666,667)
(667,663)
(667,664)
(667,665)
(667,666)
(668,669)
(669,668)
(670,671)
(670,672)
(671,670)
(671,722)
(672,670)
(673,674)
(674,673)
(675,516)
(675,517)
(676,444)
(676,677)
(677,444)
(677,676)
(677,1557)
(677,1558)
(677,1559)
(678,663)
(678,664)
(679,680)
(679,681)
(680,679)
(680,681)
(681,679)
(681,680)
(682,683)
(682,684)
(682,685)
(683,682)
(683,684)
(683,685)
(684,682)
(684,683)
(684,685)
(685,682)
(685,683)
(685,684)
(686,58)
(687,351)
(690,538)
(690,540)
(690,691)
(691,538)
(691,540)
(691,690)
(693,343)
(694,695)
(694,696)
(694,697)
(694,698)
(694,699)
(695,694)
(695,696)
(695,697)
(695,698)
(695,699)
(696,694)
(696,695)
(696,697)
(696,698)
(696,699)
(696,716)
(696,717)
(696,718)
(696,719)
(697,694)
(697,695)
(697,696)
(697,698)
(697,699)
(698,220)
(698,344)
(698,694)
(698,695)
(698,696)
(698,697)
(698,699)
(698,1146)
(698,1395)
(698,1396)
(698,1397)
(698,1398)
(699,694)
(699,695)
(699,696)
(699,697)
(699,698)
(700,446)
(701,97)
(701,702)
(701,703)
(702,97)
(702,701)
(702,703)
(703,97)
(703,701)
(703,702)
(705,706)
(705,707)
(705,708)
(706,705)
(706,707)
(706,708)
(707,705)
(707,706)
(707,708)
(708,705)
(708,706)
(708,707)
(709,95)
(709,97)
(709,98)
(709,100)
(710,70)
(710,72)
(710,73)
(710,98)
(710,711)
(711,70)
(711,98)
(711,710)
(712,88)
(712,89)
(713,643)
(713,714)
(714,643)
(714,713)
(716,696)
(716,717)
(716,718)
(716,719)
(717,696)
(717,716)
(717,718)
(717,719)
(718,696)
(718,716)
(718,717)
(718,719)
(719,696)
(719,716)
(719,717)
(719,718)
(720,721)
(720,753)
(720,754)
(721,720)
(722,671)
(722,1347)
(722,1455)
(724,725)
(724,726)
(724,727)
(725,724)
(725,726)
(725,727)
(726,724)
(726,725)
(726,727)
(727,724)
(727,725)
(727,726)
(730,137)
(730,588)
(731,732)
(732,731)
(733,734)
(733,735)
(734,733)
(734,735)
(735,733)
(735,734)
(737,72)
(737,738)
(738,72)
(738,737)
(739,73)
(739,444)
(740,444)
(743,294)
(743,295)
(743,524)
(743,744)
(743,745)
(743,746)
(743,747)
(743,932)
(743,933)
(743,1279)
(743,1357)
(744,294)
(744,295)
(744,743)
(744,745)
(744,932)
(744,933)
(744,1279)
(745,294)
(745,295)
(745,743)
(745,744)
(745,1279)
(745,1280)
(745,1281)
(745,1282)
(746,743)
(747,295)
(747,524)
(747,743)
(747,1029)
(747,1030)
(747,1357)
(748,749)
(749,748)
(751,752)
(752,751)
(753,720)
(753,754)
(754,720)
(754,753)
(755,756)
(756,755)
(757,35)
(757,79)
(757,758)
(757,759)
(757,760)
(757,761)
(757,762)
(757,763)
(757,764)
(757,765)
(757,766)
(757,776)
(757,893)
(757,1124)
(758,70)
(758,73)
(758,757)
(758,759)
(758,978)
(759,70)
(759,73)
(759,757)
(759,758)
(759,978)
(760,79)
(760,372)
(760,757)
(761,35)
(761,757)
(762,35)
(762,757)
(762,763)
(762,764)
(762,765)
(762,766)
(762,775)
(762,776)
(762,777)
(762,893)
(763,35)
(763,757)
(763,762)
(763,764)
(764,35)
(764,757)
(764,762)
(764,763)
(765,122)
(765,757)
(765,762)
(765,766)
(765,776)
(765,893)
(765,1256)
(766,122)
(766,757)
(766,762)
(766,765)
(766,776)
(766,893)
(766,1256)
(767,768)
(767,769)
(767,770)
(768,767)
(768,769)
(768,770)
(769,767)
(769,768)
(769,770)
(770,767)
(770,768)
(770,769)
(771,127)
(771,128)
(771,772)
(771,773)
(771,774)
(772,127)
(772,128)
(772,771)
(772,773)
(772,774)
(773,127)
(773,128)
(773,771)
(773,772)
(773,774)
(774,127)
(774,128)
(774,771)
(774,772)
(774,773)
(775,655)
(775,658)
(775,762)
(775,776)
(775,777)
(775,1131)
(776,757)
(776,762)
(776,765)
(776,766)
(776,775)
(776,777)
(776,893)
(777,762)
(777,775)
(777,776)
(778,779)
(779,778)
(781,497)
(781,782)
(782,497)
(782,781)
(784,632)
(784,785)
(784,1575)
(785,632)
(785,784)
(786,787)
(786,788)
(787,786)
(787,788)
(788,786)
(788,787)
(789,217)
(789,347)
(789,517)
(790,598)
(790,791)
(791,598)
(791,790)
(793,663)
(793,794)
(793,795)
(794,663)
(794,793)
(794,795)
(795,663)
(795,793)
(795,794)
(796,65)
(796,797)
(796,798)
(796,799)
(797,65)
(797,796)
(797,798)
(797,799)
(798,65)
(798,796)
(798,797)
(798,799)
(799,65)
(799,796)
(799,797)
(799,798)
(800,801)
(800,802)
(800,803)
(800,804)
(800,805)
(801,800)
(801,802)
(801,803)
(801,804)
(801,805)
(802,800)
(802,801)
(802,803)
(802,804)
(802,805)
(803,800)
(803,801)
(803,802)
(803,804)
(803,805)
(804,800)
(804,801)
(804,802)
(804,803)
(804,805)
(805,800)
(805,801)
(805,802)
(805,803)
(805,804)
(806,63)
(806,363)
(806,807)
(806,808)
(806,809)
(806,1071)
(806,1072)
(806,1073)
(806,1074)
(807,63)
(807,363)
(807,806)
(807,808)
(807,809)
(807,1017)
(807,1071)
(807,1072)
(807,1073)
(807,1074)
(808,63)
(808,363)
(808,806)
(808,807)
(808,809)
(808,1071)
(808,1072)
(808,1073)
(808,1074)
(809,63)
(809,806)
(809,807)
(809,808)
(810,811)
(811,810)
(813,814)
(814,813)
(815,816)
(815,817)
(816,815)
(816,817)
(817,815)
(817,816)
(818,819)
(819,818)
(820,821)
(821,820)
(821,1171)
(822,823)
(822,824)
(822,825)
(823,822)
(823,824)
(823,825)
(824,822)
(824,823)
(824,825)
(825,822)
(825,823)
(825,824)
(826,827)
(826,828)
(826,829)
(826,830)
(826,831)
(826,832)
(826,833)
(826,834)
(826,835)
(827,826)
(827,828)
(827,829)
(827,830)
(827,831)
(827,832)
(827,833)
(827,834)
(827,835)
(828,826)
(828,827)
(828,829)
(828,830)
(828,831)
(828,832)
(828,833)
(828,834)
(828,835)
(829,826)
(829,827)
(829,828)
(829,830)
(829,831)
(829,832)
(829,833)
(829,834)
(829,835)
(830,826)
(830,827)
(830,828)
(830,829)
(830,831)
(830,832)
(830,833)
(830,834)
(830,835)
(831,826)
(831,827)
(831,828)
(831,829)
(831,830)
(831,832)
(831,833)
(831,834)
(831,835)
(832,826)
(832,827)
(832,828)
(832,829)
(832,830)
(832,831)
(832,833)
(832,834)
(832,835)
(833,826)
(833,827)
(833,828)
(833,829)
(833,830)
(833,831)
(833,832)
(833,834)
(833,835)
(834,826)
(834,827)
(834,828)
(834,829)
(834,830)
(834,831)
(834,832)
(834,833)
(834,835)
(835,826)
(835,827)
(835,828)
(835,829)
(835,830)
(835,831)
(835,832)
(835,833)
(835,834)
(836,837)
(836,838)
(837,836)
(837,838)
(838,836)
(838,837)
(840,34)
(840,35)
(840,55)
(841,31)
(841,34)
(841,35)
(841,55)
(841,1191)
(841,1192)
(842,843)
(842,844)
(843,842)
(843,844)
(844,842)
(844,843)
(844,1274)
(844,1275)
(844,1276)
(844,1277)
(844,1537)
(845,846)
(845,847)
(845,848)
(846,845)
(846,847)
(846,848)
(847,845)
(847,846)
(847,848)
(848,845)
(848,846)
(848,847)
(849,850)
(850,849)
(851,852)
(851,853)
(852,851)
(852,853)
(853,851)
(853,852)
(854,79)
(854,647)
(856,857)
(856,858)
(857,856)
(857,858)
(858,856)
(858,857)
(860,107)
(861,295)
(861,862)
(861,863)
(861,1465)
(861,1466)
(861,1467)
(861,1468)
(862,861)
(862,863)
(863,861)
(863,862)
(864,655)
(864,865)
(865,655)
(865,864)
(866,35)
(866,655)
(867,372)
(867,868)
(868,372)
(868,867)
(871,872)
(871,873)
(871,874)
(871,875)
(872,871)
(872,873)
(872,874)
(872,875)
(873,871)
(873,872)
(873,874)
(873,875)
(873,1269)
(874,871)
(874,872)
(874,873)
(874,875)
(875,871)
(875,872)
(875,873)
(875,874)
(878,879)
(878,880)
(878,881)
(878,882)
(879,878)
(879,880)
(879,881)
(879,882)
(880,878)
(880,879)
(880,881)
(880,882)
(881,878)
(881,879)
(881,880)
(881,882)
(882,878)
(882,879)
(882,880)
(882,881)
(883,1340)
(884,885)
(884,886)
(885,884)
(885,886)
(886,884)
(886,885)
(887,888)
(888,887)
(889,890)
(889,891)
(890,889)
(890,891)
(891,889)
(891,890)
(893,757)
(893,762)
(893,765)
(893,766)
(893,776)
(894,56)
(894,57)
(894,653)
(894,655)
(894,656)
(895,31)
(895,328)
(895,403)
(896,897)
(896,898)
(896,899)
(896,900)
(897,896)
(897,898)
(897,899)
(897,900)
(898,896)
(898,897)
(898,899)
(898,900)
(899,896)
(899,897)
(899,898)
(899,900)
(900,896)
(900,897)
(900,898)
(900,899)
(901,902)
(901,903)
(901,1319)
(902,901)
(902,903)
(903,901)
(903,902)
(904,905)
(904,906)
(905,904)
(905,906)
(906,904)
(906,905)
(907,908)
(908,907)
(909,266)
(909,267)
(909,269)
(909,308)
(910,911)
(910,912)
(911,910)
(911,912)
(912,910)
(912,911)
(913,914)
(913,915)
(913,916)
(913,917)
(913,918)
(914,913)
(914,915)
(914,916)
(914,917)
(914,918)
(914,1001)
(914,1202)
(914,1203)
(914,1204)
(914,1205)
(914,1206)
(914,1207)
(914,1208)
(914,1209)
(915,913)
(915,914)
(915,916)
(915,917)
(915,918)
(915,1202)
(915,1207)
(915,1208)
(915,1209)
(916,913)
(916,914)
(916,915)
(916,917)
(916,918)
(916,1202)
(916,1207)
(916,1208)
(916,1209)
(917,913)
(917,914)
(917,915)
(917,916)
(917,918)
(917,1001)
(917,1202)
(917,1203)
(917,1204)
(917,1205)
(917,1206)
(917,1207)
(917,1208)
(917,1209)
(917,1257)
(917,1258)
(918,913)
(918,914)
(918,915)
(918,916)
(918,917)
(919,172)
(921,922)
(922,921)
(923,416)
(924,925)
(924,926)
(925,924)
(925,926)
(926,924)
(926,925)
(927,178)
(928,244)
(928,1519)
(928,1520)
(928,1521)
(930,931)
(931,930)
(931,1419)
(932,294)
(932,295)
(932,743)
(932,744)
(932,933)
(932,934)
(932,1176)
(932,1177)
(932,1357)
(932,1369)
(932,1370)
(933,294)
(933,295)
(933,743)
(933,744)
(933,932)
(933,1369)
(933,1370)
(934,932)
(935,56)
(935,57)
(936,118)
(936,937)
(936,938)
(936,939)
(937,118)
(937,936)
(937,938)
(937,939)
(938,118)
(938,936)
(938,937)
(938,939)
(939,118)
(939,936)
(939,937)
(939,938)
(941,479)
(942,943)
(942,944)
(943,942)
(943,944)
(944,942)
(944,943)
(945,264)
(945,266)
(945,267)
(945,269)
(945,946)
(946,264)
(946,266)
(946,267)
(946,269)
(946,945)
(947,2)
(948,949)
(948,1272)
(948,1273)
(949,948)
(950,951)
(951,950)
(952,953)
(952,954)
(952,955)
(953,952)
(953,954)
(953,955)
(954,952)
(954,953)
(954,955)
(955,952)
(955,953)
(955,954)
(956,195)
(956,957)
(957,195)
(957,956)
(957,1136)
(957,1137)
(957,1138)
(957,1139)
(958,959)
(958,960)
(959,958)
(959,960)
(960,958)
(960,959)
(961,962)
(961,963)
(962,961)
(962,963)
(963,961)
(963,962)
(964,152)
(964,518)
(964,965)
(965,152)
(965,518)
(965,964)
(966,967)
(966,968)
(966,969)
(966,970)
(966,971)
(967,966)
(967,968)
(967,969)
(967,970)
(967,971)
(968,966)
(968,967)
(968,969)
(968,970)
(968,971)
(969,966)
(969,967)
(969,968)
(969,970)
(969,971)
(970,966)
(970,967)
(970,968)
(970,969)
(970,971)
(971,966)
(971,967)
(971,968)
(971,969)
(971,970)
(973,974)
(974,301)
(974,973)
(974,990)
(974,1003)
(974,1004)
(974,1005)
(975,976)
(975,977)
(976,975)
(976,977)
(977,89)
(977,975)
(977,976)
(977,1130)
(978,70)
(978,73)
(978,758)
(978,759)
(979,980)
(980,979)
(981,982)
(981,983)
(982,981)
(982,983)
(983,981)
(983,982)
(984,985)
(984,986)
(984,987)
(985,473)
(985,474)
(985,984)
(985,986)
(985,987)
(985,1092)
(985,1093)
(986,474)
(986,984)
(986,985)
(986,1093)
(987,984)
(987,985)
(988,989)
(989,988)
(990,974)
(992,89)
(993,994)
(994,993)
(995,996)
(995,997)
(995,998)
(995,999)
(996,995)
(996,997)
(996,998)
(996,999)
(997,995)
(997,996)
(997,998)
(997,999)
(998,995)
(998,996)
(998,997)
(998,999)
(999,995)
(999,996)
(999,997)
(999,998)
(1000,1001)
(1001,255)
(1001,256)
(1001,914)
(1001,917)
(1001,1000)
(1001,1202)
(1001,1203)
(1001,1204)
(1001,1205)
(1001,1206)
(1001,1505)
(1001,1515)
(1003,974)
(1003,1004)
(1003,1005)
(1004,974)
(1004,1003)
(1004,1005)
(1005,974)
(1005,1003)
(1005,1004)
(1006,79)
(1007,1008)
(1008,1007)
(1009,34)
(1009,52)
(1010,1011)
(1011,1010)
(1011,1046)
(1012,1013)
(1013,1012)
(1014,1015)
(1015,1014)
(1017,63)
(1017,807)
(1017,1072)
(1018,1019)
(1018,1307)
(1018,1308)
(1018,1309)
(1018,1310)
(1019,1018)
(1019,1304)
(1019,1305)
(1019,1306)
(1019,1307)
(1019,1308)
(1019,1309)
(1019,1310)
(1022,128)
(1022,129)
(1022,1023)
(1022,1024)
(1023,128)
(1023,129)
(1023,1022)
(1023,1024)
(1024,128)
(1024,129)
(1024,1022)
(1024,1023)
(1025,54)
(1025,1026)
(1026,54)
(1026,1025)
(1027,304)
(1027,1028)
(1027,1417)
(1027,1418)
(1028,1027)
(1029,295)
(1029,747)
(1029,1030)
(1030,295)
(1030,747)
(1030,1029)
(1031,122)
(1031,551)
(1032,1033)
(1033,1032)
(1034,1035)
(1035,1034)
(1036,1037)
(1036,1038)
(1036,1039)
(1037,1036)
(1038,1036)
(1038,1039)
(1039,1036)
(1039,1038)
(1040,309)
(1040,1041)
(1041,309)
(1041,1040)
(1042,217)
(1042,219)
(1042,225)
(1043,1044)
(1043,1045)
(1044,1043)
(1044,1045)
(1045,1043)
(1045,1044)
(1046,1011)
(1047,483)
(1048,13)
(1048,1049)
(1048,1050)
(1048,1051)
(1049,13)
(1049,1048)
(1049,1050)
(1049,1051)
(1050,13)
(1050,1048)
(1050,1049)
(1050,1051)
(1051,13)
(1051,1048)
(1051,1049)
(1051,1050)
(1053,1054)
(1054,1053)
(1055,1056)
(1055,1057)
(1055,1058)
(1055,1059)
(1056,1055)
(1057,1055)
(1057,1058)
(1057,1059)
(1058,1055)
(1058,1057)
(1058,1059)
(1059,1055)
(1059,1057)
(1059,1058)
(1061,1062)
(1061,1063)
(1061,1064)
(1061,1065)
(1061,1066)
(1061,1067)
(1061,1068)
(1061,1069)
(1061,1070)
(1061,1413)
(1062,1061)
(1062,1063)
(1062,1064)
(1062,1065)
(1062,1066)
(1062,1067)
(1062,1068)
(1062,1069)
(1062,1070)
(1063,1061)
(1063,1062)
(1063,1064)
(1063,1065)
(1063,1066)
(1063,1067)
(1063,1068)
(1063,1069)
(1063,1070)
(1064,1061)
(1064,1062)
(1064,1063)
(1064,1065)
(1064,1066)
(1064,1067)
(1064,1068)
(1064,1069)
(1064,1070)
(1065,1061)
(1065,1062)
(1065,1063)
(1065,1064)
(1065,1066)
(1065,1067)
(1065,1068)
(1065,1069)
(1065,1070)
(1066,1061)
(1066,1062)
(1066,1063)
(1066,1064)
(1066,1065)
(1066,1067)
(1066,1068)
(1066,1069)
(1066,1070)
(1067,1061)
(1067,1062)
(1067,1063)
(1067,1064)
(1067,1065)
(1067,1066)
(1067,1068)
(1067,1069)
(1067,1070)
(1068,1061)
(1068,1062)
(1068,1063)
(1068,1064)
(1068,1065)
(1068,1066)
(1068,1067)
(1068,1069)
(1068,1070)
(1069,1061)
(1069,1062)
(1069,1063)
(1069,1064)
(1069,1065)
(1069,1066)
(1069,1067)
(1069,1068)
(1069,1070)
(1070,1061)
(1070,1062)
(1070,1063)
(1070,1064)
(1070,1065)
(1070,1066)
(1070,1067)
(1070,1068)
(1070,1069)
(1071,63)
(1071,806)
(1071,807)
(1071,808)
(1071,1072)
(1071,1073)
(1071,1074)
(1072,63)
(1072,363)
(1072,806)
(1072,807)
(1072,808)
(1072,1017)
(1072,1071)
(1072,1073)
(1072,1074)
(1073,63)
(1073,806)
(1073,807)
(1073,808)
(1073,1071)
(1073,1072)
(1073,1074)
(1074,63)
(1074,806)
(1074,807)
(1074,808)
(1074,1071)
(1074,1072)
(1074,1073)
(1075,228)
(1079,1080)
(1080,1079)
(1082,282)
(1083,70)
(1083,1084)
(1084,70)
(1084,1083)
(1085,1)
(1085,2)
(1087,517)
(1087,1088)
(1088,517)
(1088,1087)
(1088,1089)
(1088,1090)
(1089,152)
(1089,517)
(1089,1088)
(1090,517)
(1090,1088)
(1092,473)
(1092,474)
(1092,985)
(1093,474)
(1093,985)
(1093,986)
(1094,1095)
(1094,1096)
(1094,1097)
(1095,1094)
(1095,1096)
(1095,1097)
(1096,1094)
(1096,1095)
(1096,1097)
(1097,1094)
(1097,1095)
(1097,1096)
(1098,1099)
(1098,1100)
(1099,1098)
(1099,1100)
(1100,1098)
(1100,1099)
(1102,1103)
(1102,1104)
(1103,1102)
(1103,1104)
(1104,1102)
(1104,1103)
(1106,1107)
(1106,1108)
(1106,1109)
(1106,1110)
(1106,1111)
(1106,1112)
(1106,1113)
(1106,1114)
(1107,1106)
(1107,1108)
(1107,1109)
(1107,1110)
(1107,1111)
(1107,1112)
(1107,1113)
(1107,1114)
(1108,1106)
(1108,1107)
(1108,1109)
(1108,1110)
(1108,1111)
(1108,1112)
(1108,1113)
(1108,1114)
(1108,1358)
(1108,1359)
(1108,1412)
(1109,1106)
(1109,1107)
(1109,1108)
(1109,1110)
(1109,1111)
(1109,1112)
(1109,1113)
(1109,1114)
(1110,1106)
(1110,1107)
(1110,1108)
(1110,1109)
(1110,1111)
(1110,1112)
(1110,1113)
(1110,1114)
(1111,1106)
(1111,1107)
(1111,1108)
(1111,1109)
(1111,1110)
(1111,1112)
(1111,1113)
(1111,1114)
(1112,1106)
(1112,1107)
(1112,1108)
(1112,1109)
(1112,1110)
(1112,1111)
(1112,1113)
(1112,1114)
(1113,1106)
(1113,1107)
(1113,1108)
(1113,1109)
(1113,1110)
(1113,1111)
(1113,1112)
(1113,1114)
(1114,1106)
(1114,1107)
(1114,1108)
(1114,1109)
(1114,1110)
(1114,1111)
(1114,1112)
(1114,1113)
(1115,1116)
(1116,1115)
(1117,1118)
(1117,1119)
(1117,1120)
(1117,1121)
(1118,1117)
(1118,1119)
(1118,1120)
(1118,1121)
(1119,1117)
(1119,1118)
(1119,1120)
(1119,1121)
(1120,1117)
(1120,1118)
(1120,1119)
(1120,1121)
(1121,1117)
(1121,1118)
(1121,1119)
(1121,1120)
(1121,1516)
(1121,1517)
(1121,1518)
(1122,79)
(1122,1123)
(1123,79)
(1123,1122)
(1124,79)
(1124,757)
(1125,248)
(1125,416)
(1125,1126)
(1126,248)
(1126,416)
(1126,1125)
(1128,1129)
(1129,1128)
(1130,977)
(1131,35)
(1131,655)
(1131,658)
(1131,775)
(1132,1133)
(1133,1132)
(1134,1135)
(1135,1134)
(1136,195)
(1136,957)
(1136,1137)
(1136,1138)
(1136,1139)
(1137,195)
(1137,957)
(1137,1136)
(1137,1138)
(1138,195)
(1138,957)
(1138,1136)
(1138,1137)
(1139,195)
(1139,957)
(1139,1136)
(1140,1141)
(1141,1140)
(1142,1143)
(1143,1142)
(1143,1489)
(1143,1490)
(1146,220)
(1146,222)
(1146,344)
(1146,698)
(1146,1283)
(1146,1284)
(1146,1395)
(1146,1396)
(1146,1397)
(1146,1398)
(1146,1561)
(1146,1562)
(1147,1148)
(1147,1149)
(1147,1150)
(1147,1151)
(1148,1147)
(1148,1149)
(1148,1150)
(1148,1151)
(1149,1147)
(1149,1148)
(1149,1150)
(1149,1151)
(1150,1147)
(1150,1148)
(1150,1149)
(1150,1151)
(1151,1147)
(1151,1148)
(1151,1149)
(1151,1150)
(1153,1154)
(1153,1155)
(1153,1156)
(1153,1157)
(1153,1158)
(1153,1159)
(1153,1160)
(1153,1161)
(1154,1153)
(1154,1155)
(1154,1156)
(1154,1157)
(1154,1158)
(1154,1159)
(1154,1160)
(1154,1161)
(1155,1153)
(1155,1154)
(1155,1156)
(1155,1157)
(1155,1158)
(1155,1159)
(1155,1160)
(1155,1161)
(1156,1153)
(1156,1154)
(1156,1155)
(1156,1157)
(1156,1158)
(1156,1159)
(1156,1160)
(1156,1161)
(1157,1153)
(1157,1154)
(1157,1155)
(1157,1156)
(1157,1158)
(1157,1159)
(1157,1160)
(1157,1161)
(1158,1153)
(1158,1154)
(1158,1155)
(1158,1156)
(1158,1157)
(1158,1159)
(1158,1160)
(1158,1161)
(1159,1153)
(1159,1154)
(1159,1155)
(1159,1156)
(1159,1157)
(1159,1158)
(1159,1160)
(1159,1161)
(1160,1153)
(1160,1154)
(1160,1155)
(1160,1156)
(1160,1157)
(1160,1158)
(1160,1159)
(1160,1161)
(1161,1153)
(1161,1154)
(1161,1155)
(1161,1156)
(1161,1157)
(1161,1158)
(1161,1159)
(1161,1160)
(1163,115)
(1163,187)
(1163,1164)
(1163,1414)
(1163,1415)
(1163,1416)
(1164,115)
(1164,1163)
(1165,1166)
(1166,1165)
(1167,259)
(1167,260)
(1167,1168)
(1168,259)
(1168,260)
(1168,1167)
(1169,1170)
(1170,1169)
(1171,821)
(1173,79)
(1176,932)
(1176,1177)
(1177,932)
(1177,1176)
(1178,97)
(1178,151)
(1179,151)
(1179,282)
(1179,1343)
(1181,590)
(1181,591)
(1181,592)
(1181,1182)
(1182,590)
(1182,591)
(1182,592)
(1182,1181)
(1183,303)
(1185,1186)
(1185,1187)
(1186,1185)
(1186,1187)
(1187,1185)
(1187,1186)
(1190,328)
(1190,329)
(1191,34)
(1191,35)
(1191,55)
(1191,841)
(1191,1192)
(1192,34)
(1192,35)
(1192,55)
(1192,841)
(1192,1191)
(1194,1195)
(1195,1194)
(1196,79)
(1196,1197)
(1196,1198)
(1197,79)
(1197,1196)
(1197,1198)
(1198,79)
(1198,1196)
(1198,1197)
(1199,1200)
(1199,1201)
(1200,1199)
(1200,1201)
(1201,1199)
(1201,1200)
(1202,914)
(1202,915)
(1202,916)
(1202,917)
(1202,1001)
(1202,1203)
(1202,1204)
(1202,1205)
(1202,1206)
(1202,1207)
(1202,1208)
(1202,1209)
(1202,1257)
(1202,1258)
(1203,914)
(1203,917)
(1203,1001)
(1203,1202)
(1203,1204)
(1203,1205)
(1203,1206)
(1204,914)
(1204,917)
(1204,1001)
(1204,1202)
(1204,1203)
(1204,1205)
(1204,1206)
(1205,914)
(1205,917)
(1205,1001)
(1205,1202)
(1205,1203)
(1205,1204)
(1205,1206)
(1206,914)
(1206,917)
(1206,1001)
(1206,1202)
(1206,1203)
(1206,1204)
(1206,1205)
(1207,914)
(1207,915)
(1207,916)
(1207,917)
(1207,1202)
(1207,1208)
(1207,1209)
(1208,914)
(1208,915)
(1208,916)
(1208,917)
(1208,1202)
(1208,1207)
(1208,1209)
(1209,914)
(1209,915)
(1209,916)
(1209,917)
(1209,1202)
(1209,1207)
(1209,1208)
(1210,1211)
(1210,1212)
(1210,1213)
(1211,1210)
(1211,1212)
(1211,1213)
(1212,1210)
(1212,1211)
(1212,1213)
(1213,1210)
(1213,1211)
(1213,1212)
(1215,331)
(1215,1216)
(1215,1217)
(1215,1218)
(1216,331)
(1216,1215)
(1216,1217)
(1216,1218)
(1217,331)
(1217,1215)
(1217,1216)
(1217,1218)
(1218,331)
(1218,1215)
(1218,1216)
(1218,1217)
(1219,1220)
(1220,1219)
(1222,151)
(1222,501)
(1223,1224)
(1223,1225)
(1224,1223)
(1224,1225)
(1225,1223)
(1225,1224)
(1226,1227)
(1226,1228)
(1226,1346)
(1227,1226)
(1228,1226)
(1229,34)
(1229,55)
(1229,133)
(1229,1230)
(1230,34)
(1230,55)
(1230,133)
(1230,1229)
(1231,245)
(1232,1233)
(1233,1232)
(1234,416)
(1234,1235)
(1235,416)
(1235,1234)
(1236,482)
(1236,1237)
(1237,482)
(1237,1236)
(1238,1239)
(1239,1238)
(1240,548)
(1241,1242)
(1242,1241)
(1243,1244)
(1244,1243)
(1245,483)
(1245,1246)
(1245,1247)
(1245,1248)
(1246,483)
(1246,1245)
(1246,1247)
(1246,1248)
(1247,483)
(1247,1245)
(1247,1246)
(1247,1248)
(1248,483)
(1248,1245)
(1248,1246)
(1248,1247)
(1249,1250)
(1250,1249)
(1251,482)
(1251,1252)
(1252,482)
(1252,1251)
(1253,1254)
(1253,1255)
(1254,1253)
(1254,1255)
(1255,1253)
(1255,1254)
(1256,122)
(1256,765)
(1256,766)
(1257,917)
(1257,1202)
(1257,1258)
(1258,917)
(1258,1202)
(1258,1257)
(1259,1260)
(1260,1259)
(1261,1262)
(1261,1263)
(1262,1261)
(1262,1263)
(1263,1261)
(1263,1262)
(1264,376)
(1264,377)
(1264,378)
(1265,1266)
(1265,1267)
(1265,1268)
(1266,1265)
(1266,1267)
(1266,1268)
(1267,1265)
(1267,1266)
(1267,1268)
(1268,1265)
(1268,1266)
(1268,1267)
(1269,873)
(1271,321)
(1271,322)
(1272,948)
(1272,1273)
(1273,948)
(1273,1272)
(1274,844)
(1274,1275)
(1274,1276)
(1274,1277)
(1275,844)
(1275,1274)
(1275,1276)
(1275,1277)
(1276,844)
(1276,1274)
(1276,1275)
(1276,1277)
(1277,844)
(1277,1274)
(1277,1275)
(1277,1276)
(1279,294)
(1279,295)
(1279,743)
(1279,744)
(1279,745)
(1280,745)
(1280,1281)
(1280,1282)
(1281,745)
(1281,1280)
(1281,1282)
(1282,745)
(1282,1280)
(1282,1281)
(1283,220)
(1283,1146)
(1283,1284)
(1284,220)
(1284,1146)
(1284,1283)
(1287,1288)
(1287,1289)
(1287,1290)
(1287,1291)
(1287,1365)
(1287,1366)
(1287,1367)
(1287,1368)
(1288,1287)
(1288,1289)
(1288,1290)
(1288,1291)
(1289,1287)
(1289,1288)
(1289,1290)
(1289,1291)
(1290,1287)
(1290,1288)
(1290,1289)
(1290,1291)
(1291,1287)
(1291,1288)
(1291,1289)
(1291,1290)
(1293,1294)
(1293,1295)
(1294,1293)
(1294,1295)
(1295,1293)
(1295,1294)
(1295,1378)
(1295,1379)
(1296,34)
(1296,376)
(1296,377)
(1296,378)
(1299,1300)
(1300,1299)
(1304,1019)
(1304,1305)
(1305,1019)
(1305,1304)
(1306,1019)
(1307,1018)
(1307,1019)
(1307,1308)
(1307,1309)
(1307,1310)
(1308,1018)
(1308,1019)
(1308,1307)
(1308,1309)
(1308,1310)
(1309,1018)
(1309,1019)
(1309,1307)
(1309,1308)
(1309,1310)
(1310,1018)
(1310,1019)
(1310,1307)
(1310,1308)
(1310,1309)
(1311,1312)
(1312,1311)
(1313,1314)
(1313,1315)
(1313,1316)
(1313,1317)
(1314,1313)
(1314,1315)
(1314,1316)
(1314,1317)
(1315,1313)
(1315,1314)
(1315,1316)
(1315,1317)
(1316,54)
(1316,1313)
(1316,1314)
(1316,1315)
(1316,1317)
(1316,1469)
(1316,1470)
(1316,1471)
(1317,1313)
(1317,1314)
(1317,1315)
(1317,1316)
(1319,901)
(1321,1322)
(1322,1321)
(1323,525)
(1324,1325)
(1324,1326)
(1325,1324)
(1325,1326)
(1326,1324)
(1326,1325)
(1327,1328)
(1328,1327)
(1329,1330)
(1330,1329)
(1332,1333)
(1332,1334)
(1333,1332)
(1333,1334)
(1334,1332)
(1334,1333)
(1336,1337)
(1336,1338)
(1336,1339)
(1337,1336)
(1337,1338)
(1337,1339)
(1337,1420)
(1338,1336)
(1338,1337)
(1338,1339)
(1339,1336)
(1339,1337)
(1339,1338)
(1340,883)
(1342,518)
(1343,151)
(1343,282)
(1343,1179)
(1344,282)
(1344,1345)
(1345,282)
(1345,1344)
(1346,1226)
(1347,722)
(1348,378)
(1348,1349)
(1349,378)
(1349,1348)
(1350,363)
(1350,1351)
(1350,1352)
(1350,1353)
(1351,363)
(1351,1350)
(1351,1352)
(1351,1353)
(1352,363)
(1352,1350)
(1352,1351)
(1352,1353)
(1353,363)
(1353,1350)
(1353,1351)
(1353,1352)
(1355,1356)
(1356,1355)
(1357,524)
(1357,743)
(1357,747)
(1357,932)
(1357,1358)
(1357,1359)
(1357,1360)
(1358,1108)
(1358,1357)
(1358,1359)
(1358,1412)
(1359,1108)
(1359,1357)
(1359,1358)
(1359,1412)
(1360,1357)
(1361,1454)
(1362,47)
(1362,429)
(1362,1363)
(1363,47)
(1363,429)
(1363,1362)
(1364,47)
(1365,1287)
(1365,1366)
(1365,1367)
(1365,1368)
(1366,1287)
(1366,1365)
(1366,1367)
(1366,1368)
(1367,1287)
(1367,1365)
(1367,1366)
(1367,1368)
(1368,1287)
(1368,1365)
(1368,1366)
(1368,1367)
(1369,294)
(1369,295)
(1369,932)
(1369,933)
(1369,1370)
(1370,294)
(1370,295)
(1370,932)
(1370,933)
(1370,1369)
(1371,1372)
(1372,1371)
(1373,1374)
(1374,1373)
(1375,1376)
(1375,1377)
(1376,1375)
(1376,1377)
(1377,1375)
(1377,1376)
(1378,1295)
(1378,1379)
(1379,1295)
(1379,1378)
(1382,77)
(1382,523)
(1385,195)
(1385,1386)
(1386,195)
(1386,1385)
(1387,1388)
(1388,1387)
(1390,330)
(1390,548)
(1391,1392)
(1391,1393)
(1392,1391)
(1392,1393)
(1393,1391)
(1393,1392)
(1395,220)
(1395,344)
(1395,698)
(1395,1146)
(1395,1396)
(1395,1397)
(1395,1398)
(1396,220)
(1396,344)
(1396,698)
(1396,1146)
(1396,1395)
(1396,1397)
(1396,1398)
(1397,220)
(1397,344)
(1397,698)
(1397,1146)
(1397,1395)
(1397,1396)
(1397,1398)
(1398,220)
(1398,344)
(1398,698)
(1398,1146)
(1398,1395)
(1398,1396)
(1398,1397)
(1399,315)
(1400,1401)
(1400,1402)
(1400,1403)
(1400,1404)
(1401,1400)
(1401,1402)
(1401,1403)
(1401,1404)
(1402,1400)
(1402,1401)
(1402,1403)
(1402,1404)
(1403,1400)
(1403,1401)
(1403,1402)
(1403,1404)
(1404,1400)
(1404,1401)
(1404,1402)
(1404,1403)
(1405,328)
(1405,417)
(1405,1406)
(1405,1407)
(1405,1408)
(1405,1409)
(1406,328)
(1406,417)
(1406,1405)
(1406,1407)
(1406,1408)
(1406,1409)
(1407,328)
(1407,417)
(1407,1405)
(1407,1406)
(1407,1408)
(1407,1409)
(1408,328)
(1408,417)
(1408,1405)
(1408,1406)
(1408,1407)
(1408,1409)
(1409,328)
(1409,417)
(1409,1405)
(1409,1406)
(1409,1407)
(1409,1408)
(1410,497)
(1410,1411)
(1411,497)
(1411,1410)
(1412,1108)
(1412,1358)
(1412,1359)
(1413,1061)
(1414,187)
(1414,1163)
(1414,1415)
(1414,1416)
(1415,187)
(1415,1163)
(1415,1414)
(1415,1416)
(1416,187)
(1416,1163)
(1416,1414)
(1416,1415)
(1417,304)
(1417,1027)
(1417,1418)
(1418,304)
(1418,1027)
(1418,1417)
(1419,931)
(1420,1337)
(1421,1422)
(1421,1423)
(1421,1424)
(1422,1421)
(1422,1423)
(1422,1424)
(1423,1421)
(1423,1422)
(1423,1424)
(1424,1421)
(1424,1422)
(1424,1423)
(1425,10)
(1425,1426)
(1426,10)
(1426,1425)
(1427,1428)
(1427,1429)
(1428,1427)
(1428,1429)
(1429,1427)
(1429,1428)
(1430,646)
(1430,1431)
(1430,1432)
(1430,1433)
(1430,1434)
(1430,1435)
(1430,1436)
(1430,1437)
(1430,1438)
(1430,1439)
(1430,1440)
(1430,1441)
(1430,1442)
(1430,1443)
(1430,1444)
(1430,1445)
(1430,1446)
(1430,1447)
(1430,1448)
(1430,1449)
(1431,646)
(1431,1430)
(1431,1432)
(1431,1433)
(1431,1434)
(1431,1435)
(1431,1436)
(1431,1437)
(1431,1438)
(1431,1439)
(1431,1440)
(1431,1441)
(1431,1442)
(1431,1443)
(1431,1444)
(1431,1445)
(1431,1446)
(1431,1447)
(1431,1448)
(1431,1449)
(1432,646)
(1432,1430)
(1432,1431)
(1432,1433)
(1432,1434)
(1432,1435)
(1432,1436)
(1432,1437)
(1432,1438)
(1432,1439)
(1432,1440)
(1432,1441)
(1432,1442)
(1432,1443)
(1432,1444)
(1432,1445)
(1432,1446)
(1432,1447)
(1432,1448)
(1432,1449)
(1433,646)
(1433,1430)
(1433,1431)
(1433,1432)
(1433,1434)
(1433,1435)
(1433,1436)
(1433,1437)
(1433,1438)
(1433,1439)
(1433,1440)
(1433,1441)
(1433,1442)
(1433,1443)
(1433,1444)
(1433,1445)
(1433,1446)
(1433,1447)
(1433,1448)
(1434,646)
(1434,1430)
(1434,1431)
(1434,1432)
(1434,1433)
(1434,1435)
(1434,1436)
(1434,1437)
(1434,1438)
(1434,1439)
(1434,1440)
(1434,1441)
(1434,1442)
(1434,1443)
(1434,1444)
(1434,1445)
(1434,1446)
(1434,1447)
(1434,1448)
(1435,646)
(1435,1430)
(1435,1431)
(1435,1432)
(1435,1433)
(1435,1434)
(1435,1436)
(1435,1437)
(1435,1438)
(1435,1439)
(1435,1440)
(1435,1441)
(1435,1442)
(1435,1443)
(1435,1444)
(1435,1445)
(1435,1446)
(1435,1447)
(1435,1448)
(1436,646)
(1436,1430)
(1436,1431)
(1436,1432)
(1436,1433)
(1436,1434)
(1436,1435)
(1436,1437)
(1436,1438)
(1436,1439)
(1436,1440)
(1436,1441)
(1436,1442)
(1436,1443)
(1436,1444)
(1436,1445)
(1436,1446)
(1436,1447)
(1436,1448)
(1437,646)
(1437,1430)
(1437,1431)
(1437,1432)
(1437,1433)
(1437,1434)
(1437,1435)
(1437,1436)
(1437,1438)
(1437,1439)
(1437,1440)
(1437,1441)
(1437,1442)
(1437,1443)
(1437,1444)
(1437,1445)
(1437,1446)
(1437,1447)
(1437,1448)
(1438,646)
(1438,1430)
(1438,1431)
(1438,1432)
(1438,1433)
(1438,1434)
(1438,1435)
(1438,1436)
(1438,1437)
(1438,1439)
(1438,1440)
(1438,1441)
(1438,1442)
(1438,1443)
(1438,1444)
(1438,1445)
(1438,1446)
(1438,1447)
(1438,1448)
(1439,646)
(1439,1430)
(1439,1431)
(1439,1432)
(1439,1433)
(1439,1434)
(1439,1435)
(1439,1436)
(1439,1437)
(1439,1438)
(1439,1440)
(1439,1441)
(1439,1442)
(1439,1443)
(1439,1444)
(1439,1445)
(1439,1446)
(1439,1447)
(1439,1448)
(1440,646)
(1440,1430)
(1440,1431)
(1440,1432)
(1440,1433)
(1440,1434)
(1440,1435)
(1440,1436)
(1440,1437)
(1440,1438)
(1440,1439)
(1440,1441)
(1440,1442)
(1440,1443)
(1440,1444)
(1440,1445)
(1440,1446)
(1440,1447)
(1440,1448)
(1441,646)
(1441,1430)
(1441,1431)
(1441,1432)
(1441,1433)
(1441,1434)
(1441,1435)
(1441,1436)
(1441,1437)
(1441,1438)
(1441,1439)
(1441,1440)
(1441,1442)
(1441,1443)
(1441,1444)
(1441,1445)
(1441,1446)
(1441,1447)
(1441,1448)
(1442,646)
(1442,1430)
(1442,1431)
(1442,1432)
(1442,1433)
(1442,1434)
(1442,1435)
(1442,1436)
(1442,1437)
(1442,1438)
(1442,1439)
(1442,1440)
(1442,1441)
(1442,1443)
(1442,1444)
(1442,1445)
(1442,1446)
(1442,1447)
(1442,1448)
(1443,646)
(1443,1430)
(1443,1431)
(1443,1432)
(1443,1433)
(1443,1434)
(1443,1435)
(1443,1436)
(1443,1437)
(1443,1438)
(1443,1439)
(1443,1440)
(1443,1441)
(1443,1442)
(1443,1444)
(1443,1445)
(1443,1446)
(1443,1447)
(1443,1448)
(1444,646)
(1444,1430)
(1444,1431)
(1444,1432)
(1444,1433)
(1444,1434)
(1444,1435)
(1444,1436)
(1444,1437)
(1444,1438)
(1444,1439)
(1444,1440)
(1444,1441)
(1444,1442)
(1444,1443)
(1444,1445)
(1444,1446)
(1444,1447)
(1444,1448)
(1445,646)
(1445,1430)
(1445,1431)
(1445,1432)
(1445,1433)
(1445,1434)
(1445,1435)
(1445,1436)
(1445,1437)
(1445,1438)
(1445,1439)
(1445,1440)
(1445,1441)
(1445,1442)
(1445,1443)
(1445,1444)
(1445,1446)
(1445,1447)
(1445,1448)
(1446,646)
(1446,1430)
(1446,1431)
(1446,1432)
(1446,1433)
(1446,1434)
(1446,1435)
(1446,1436)
(1446,1437)
(1446,1438)
(1446,1439)
(1446,1440)
(1446,1441)
(1446,1442)
(1446,1443)
(1446,1444)
(1446,1445)
(1446,1447)
(1446,1448)
(1447,646)
(1447,1430)
(1447,1431)
(1447,1432)
(1447,1433)
(1447,1434)
(1447,1435)
(1447,1436)
(1447,1437)
(1447,1438)
(1447,1439)
(1447,1440)
(1447,1441)
(1447,1442)
(1447,1443)
(1447,1444)
(1447,1445)
(1447,1446)
(1447,1448)
(1448,646)
(1448,1430)
(1448,1431)
(1448,1432)
(1448,1433)
(1448,1434)
(1448,1435)
(1448,1436)
(1448,1437)
(1448,1438)
(1448,1439)
(1448,1440)
(1448,1441)
(1448,1442)
(1448,1443)
(1448,1444)
(1448,1445)
(1448,1446)
(1448,1447)
(1449,1430)
(1449,1431)
(1449,1432)
(1450,1451)
(1451,1450)
(1452,282)
(1452,284)
(1453,217)
(1454,1361)
(1455,722)
(1456,483)
(1457,1458)
(1457,1459)
(1457,1460)
(1458,1457)
(1458,1459)
(1458,1460)
(1459,1457)
(1459,1458)
(1459,1460)
(1460,1457)
(1460,1458)
(1460,1459)
(1461,128)
(1461,152)
(1461,518)
(1462,56)
(1462,57)
(1465,295)
(1465,861)
(1465,1466)
(1465,1467)
(1465,1468)
(1466,295)
(1466,861)
(1466,1465)
(1466,1467)
(1466,1468)
(1467,295)
(1467,861)
(1467,1465)
(1467,1466)
(1467,1468)
(1468,295)
(1468,861)
(1468,1465)
(1468,1466)
(1468,1467)
(1469,54)
(1469,1316)
(1469,1470)
(1469,1471)
(1470,54)
(1470,1316)
(1470,1469)
(1470,1471)
(1471,54)
(1471,1316)
(1471,1469)
(1471,1470)
(1472,1473)
(1472,1474)
(1473,1472)
(1473,1474)
(1474,1472)
(1474,1473)
(1475,1476)
(1475,1477)
(1476,1475)
(1476,1477)
(1477,1475)
(1477,1476)
(1478,208)
(1478,1479)
(1479,208)
(1479,1478)
(1480,1481)
(1481,1480)
(1482,97)
(1482,1483)
(1483,97)
(1483,1482)
(1484,1485)
(1484,1486)
(1485,1484)
(1485,1486)
(1486,1484)
(1486,1485)
(1487,1488)
(1488,1487)
(1489,1143)
(1489,1490)
(1490,1143)
(1490,1489)
(1492,1493)
(1492,1494)
(1492,1541)
(1492,1542)
(1492,1543)
(1493,1492)
(1494,1492)
(1494,1495)
(1494,1541)
(1494,1542)
(1494,1543)
(1495,1494)
(1496,1497)
(1497,1496)
(1498,301)
(1499,83)
(1501,240)
(1501,1502)
(1501,1503)
(1501,1504)
(1502,240)
(1502,1501)
(1502,1503)
(1502,1504)
(1503,240)
(1503,1501)
(1503,1502)
(1503,1504)
(1504,240)
(1504,1501)
(1504,1502)
(1504,1503)
(1505,1001)
(1505,1506)
(1505,1507)
(1505,1508)
(1505,1509)
(1505,1510)
(1505,1515)
(1506,1505)
(1506,1507)
(1506,1508)
(1506,1509)
(1506,1510)
(1507,1505)
(1507,1506)
(1507,1508)
(1507,1509)
(1507,1510)
(1508,1505)
(1508,1506)
(1508,1507)
(1508,1509)
(1508,1510)
(1509,1505)
(1509,1506)
(1509,1507)
(1509,1508)
(1509,1510)
(1510,1505)
(1510,1506)
(1510,1507)
(1510,1508)
(1510,1509)
(1512,1513)
(1512,1514)
(1513,1512)
(1513,1514)
(1514,1512)
(1514,1513)
(1515,1001)
(1515,1505)
(1516,1121)
(1516,1517)
(1516,1518)
(1517,1121)
(1517,1516)
(1517,1518)
(1518,1121)
(1518,1516)
(1518,1517)
(1519,244)
(1519,928)
(1519,1520)
(1519,1521)
(1520,244)
(1520,928)
(1520,1519)
(1520,1521)
(1521,244)
(1521,928)
(1521,1519)
(1521,1520)
(1523,1524)
(1524,1523)
(1526,1527)
(1527,1526)
(1530,34)
(1530,55)
(1531,1532)
(1532,1531)
(1533,10)
(1534,531)
(1534,532)
(1534,533)
(1534,1535)
(1534,1536)
(1535,531)
(1535,532)
(1535,533)
(1535,1534)
(1535,1536)
(1536,531)
(1536,532)
(1536,533)
(1536,1534)
(1536,1535)
(1537,844)
(1538,1539)
(1538,1540)
(1539,1538)
(1539,1540)
(1540,1538)
(1540,1539)
(1541,1492)
(1541,1494)
(1541,1542)
(1541,1543)
(1542,1492)
(1542,1494)
(1542,1541)
(1542,1543)
(1543,1492)
(1543,1494)
(1543,1541)
(1543,1542)
(1544,1545)
(1545,1544)
(1546,1547)
(1546,1548)
(1546,1549)
(1547,1546)
(1547,1548)
(1547,1549)
(1548,1546)
(1548,1547)
(1548,1549)
(1549,1546)
(1549,1547)
(1549,1548)
(1550,309)
(1551,34)
(1551,35)
(1551,55)
(1551,1552)
(1552,34)
(1552,35)
(1552,1551)
(1554,295)
(1554,1555)
(1554,1556)
(1555,295)
(1555,1554)
(1555,1556)
(1556,295)
(1556,1554)
(1556,1555)
(1557,677)
(1557,1558)
(1557,1559)
(1558,677)
(1558,1557)
(1558,1559)
(1559,677)
(1559,1557)
(1559,1558)
(1561,220)
(1561,1146)
(1561,1562)
(1562,220)
(1562,1146)
(1562,1561)
(1563,63)
(1563,64)
(1563,1564)
(1563,1565)
(1563,1566)
(1563,1567)
(1563,1568)
(1564,63)
(1564,64)
(1564,1563)
(1564,1565)
(1564,1566)
(1564,1567)
(1564,1568)
(1565,63)
(1565,64)
(1565,1563)
(1565,1564)
(1565,1566)
(1565,1567)
(1565,1568)
(1566,63)
(1566,64)
(1566,1563)
(1566,1564)
(1566,1565)
(1566,1567)
(1566,1568)
(1567,63)
(1567,64)
(1567,1563)
(1567,1564)
(1567,1565)
(1567,1566)
(1567,1568)
(1568,63)
(1568,64)
(1568,1563)
(1568,1564)
(1568,1565)
(1568,1566)
(1568,1567)
(1569,1570)
(1570,1569)
(1571,338)
(1571,632)
(1571,1572)
(1571,1573)
(1571,1574)
(1572,338)
(1572,632)
(1572,1571)
(1572,1573)
(1572,1574)
(1573,338)
(1573,632)
(1573,1571)
(1573,1572)
(1573,1574)
(1574,338)
(1574,632)
(1574,1571)
(1574,1572)
(1574,1573)
(1575,632)
(1575,784)
(1576,1577)
(1576,1578)
(1576,1579)
(1577,1576)
(1577,1578)
(1577,1579)
(1578,1576)
(1578,1577)
(1578,1579)
(1579,1576)
(1579,1577)
(1579,1578)
(1580,631)
(1580,632)
(1581,1582)
(1582,1581)
(1584,1585)
(1585,1584)
(1586,1587)
(1586,1588)
(1587,1586)
(1588,1586)
(1589,77)
(1589,523)
