   (2,1)       0.0436
   (4,1)       0.0767
   (8,1)       0.1026
   (1,2)       0.0436
   (4,2)       0.0515
   (8,2)       0.0866
   (5,3)       0.0269
   (8,3)       0.0843
   (1,4)       0.0767
   (2,4)       0.0515
   (8,4)       0.0365
  (26,4)       0.0915
  (47,4)       0.2109
   (3,5)       0.0269
   (8,5)       0.0849
   (7,6)       0.0197
   (8,6)       0.0683
  (13,6)       0.0143
   (6,7)       0.0197
   (8,7)       0.0488
  (13,7)       0.0140
   (1,8)       0.1026
   (2,8)       0.0866
   (3,8)       0.0843
   (4,8)       0.0365
   (5,8)       0.0849
   (6,8)       0.0683
   (7,8)       0.0488
  (13,8)       0.0604
  (16,8)       0.0239
  (23,8)       0.0478
  (24,8)       0.0414
  (26,8)       0.0830
  (27,8)       0.0351
  (28,8)       0.1099
  (30,8)       0.0596
  (34,8)       0.0774
  (35,8)       0.0863
  (36,8)       0.1093
  (37,8)       0.1999
  (38,8)       0.1622
  (47,8)       0.1926
  (65,8)       0.2040
  (67,8)       0.3284
 (112,8)       0.3847
 (118,8)       0.3655
 (144,8)       0.2746
 (201,8)       0.2654
 (248,8)       0.3059
 (313,8)       0.3829
  (10,9)       0.0030
  (11,9)       0.0022
  (12,9)       0.0037
  (13,9)       0.0053
   (9,10)      0.0030
  (11,10)      0.0011
  (12,10)      0.0010
  (13,10)      0.0023
   (9,11)      0.0022
  (10,11)      0.0011
  (13,11)      0.0033
   (9,12)      0.0037
  (10,12)      0.0010
  (13,12)      0.0020
   (6,13)      0.0143
   (7,13)      0.0140
   (8,13)      0.0604
   (9,13)      0.0053
  (10,13)      0.0023
  (11,13)      0.0033
  (12,13)      0.0020
  (14,13)      0.0009
  (15,13)      0.0011
  (17,13)      0.0060
  (18,13)      0.0055
  (19,13)      0.0095
  (20,13)      0.0112
  (21,13)      0.0098
  (13,14)      0.0009
  (13,15)      0.0011
   (8,16)      0.0239
  (22,16)      0.0311
  (13,17)      0.0060
  (19,17)      0.0038
  (20,17)      0.0053
  (13,18)      0.0055
  (13,19)      0.0095
  (17,19)      0.0038
  (20,19)      0.0018
  (13,20)      0.0112
  (17,20)      0.0053
  (19,20)      0.0018
  (13,21)      0.0098
  (16,22)      0.0311
  (26,22)      0.0281
   (8,23)      0.0478
  (24,23)      0.0100
   (8,24)      0.0414
  (23,24)      0.0100
  (26,25)      0.0057
   (4,26)      0.0915
   (8,26)      0.0830
  (22,26)      0.0281
  (25,26)      0.0057
  (29,26)      0.0131
  (31,26)      0.0170
  (33,26)      0.0322
  (47,26)      0.1216
   (8,27)      0.0351
   (8,28)      0.1099
  (35,28)      0.0425
  (26,29)      0.0131
  (31,29)      0.0125
  (33,29)      0.0247
  (47,29)      0.1134
   (8,30)      0.0596
  (34,30)      0.0184
  (26,31)      0.0170
  (29,31)      0.0125
  (32,31)      0.0043
  (31,32)      0.0043
  (33,32)      0.0113
  (26,33)      0.0322
  (29,33)      0.0247
  (32,33)      0.0113
  (47,33)      0.0895
   (8,34)      0.0774
  (30,34)      0.0184
   (8,35)      0.0863
  (28,35)      0.0425
  (36,35)      0.0232
   (8,36)      0.1093
  (35,36)      0.0232
  (38,36)      0.0549
   (8,37)      0.1999
  (38,37)      0.0478
   (8,38)      0.1622
  (36,38)      0.0549
  (37,38)      0.0478
  (47,39)      0.0130
  (65,39)      0.0306
 (142,39)      0.0835
  (45,40)      0.0180
  (46,40)      0.0167
  (50,40)      0.0133
  (55,40)      0.0200
  (61,40)      0.0242
  (62,40)      0.0377
 (144,40)      0.0728
  (53,41)      0.0145
  (67,41)      0.0522
 (166,41)      0.0831
  (47,42)      0.0089
  (67,43)      0.0364
  (67,44)      0.0356
  (40,45)      0.0180
  (46,45)      0.0314
  (47,45)      0.0244
  (50,45)      0.0187
  (54,45)      0.0086
  (55,45)      0.0299
  (58,45)      0.0122
  (59,45)      0.0152
  (61,45)      0.0302
  (62,45)      0.0490
  (63,45)      0.0370
  (65,45)      0.0323
  (67,45)      0.1266
  (83,45)      0.0393
 (118,45)      0.1602
 (142,45)      0.0655
 (144,45)      0.0712
 (166,45)      0.0988
 (201,45)      0.0986
  (40,46)      0.0167
  (45,46)      0.0314
  (50,46)      0.0149
  (55,46)      0.0090
  (62,46)      0.0215
  (63,46)      0.0163
  (67,46)      0.0958
 (144,46)      0.0641
   (4,47)      0.2109
   (8,47)      0.1926
  (26,47)      0.1216
  (29,47)      0.1134
  (33,47)      0.0895
  (39,47)      0.0130
  (42,47)      0.0089
  (45,47)      0.0244
  (48,47)      0.0107
  (49,47)      0.0154
  (54,47)      0.0273
  (56,47)      0.0122
  (58,47)      0.0288
  (59,47)      0.0197
  (60,47)      0.0242
  (65,47)      0.0178
  (67,47)      0.1502
  (74,47)      0.0310
  (75,47)      0.0320
  (83,47)      0.0483
  (86,47)      0.0555
  (94,47)      0.1804
 (109,47)      0.2658
 (112,47)      0.2046
 (118,47)      0.1828
 (123,47)      0.1841
 (131,47)      0.2139
 (142,47)      0.0714
 (144,47)      0.0825
 (147,47)      0.2535
 (150,47)      0.2555
 (152,47)      0.2244
 (166,47)      0.1150
 (169,47)      0.0770
 (172,47)      0.1606
 (176,47)      0.2078
 (177,47)      0.2424
 (182,47)      0.1826
 (183,47)      0.0836
 (197,47)      0.0929
 (201,47)      0.0938
 (203,47)      0.0963
 (219,47)      0.1144
 (230,47)      0.2408
 (232,47)      0.2028
 (245,47)      0.1281
 (246,47)      0.1301
 (248,47)      0.1305
 (253,47)      0.1334
 (255,47)      0.2336
 (258,47)      0.1437
 (261,47)      0.1894
 (263,47)      0.1429
 (293,47)      0.2160
 (311,47)      0.2976
 (313,47)      0.3086
 (316,47)      0.3074
  (47,48)      0.0107
  (49,48)      0.0048
  (65,48)      0.0212
  (47,49)      0.0154
  (48,49)      0.0048
  (56,49)      0.0087
  (60,49)      0.0119
  (40,50)      0.0133
  (45,50)      0.0187
  (46,50)      0.0149
  (55,50)      0.0112
  (61,50)      0.0123
  (62,50)      0.0302
  (63,50)      0.0185
  (67,50)      0.1082
 (144,50)      0.0596
 (166,50)      0.0828
  (67,51)      0.0267
  (82,51)      0.0319
 (118,51)      0.0655
 (166,51)      0.0796
  (67,52)      0.0194
  (41,53)      0.0145
  (67,53)      0.0424
  (82,53)      0.0367
 (144,53)      0.0809
 (166,53)      0.0701
  (45,54)      0.0086
  (47,54)      0.0273
  (58,54)      0.0036
  (59,54)      0.0113
  (60,54)      0.0087
  (65,54)      0.0301
  (83,54)      0.0307
  (40,55)      0.0200
  (45,55)      0.0299
  (46,55)      0.0090
  (50,55)      0.0112
  (61,55)      0.0067
  (62,55)      0.0191
  (63,55)      0.0089
 (144,55)      0.0556
  (47,56)      0.0122
  (49,56)      0.0087
  (58,56)      0.0180
  (59,56)      0.0078
  (60,56)      0.0124
  (65,56)      0.0141
  (69,57)      0.0198
  (70,57)      0.0199
  (71,57)      0.0197
 (118,57)      0.0435
  (45,58)      0.0122
  (47,58)      0.0288
  (54,58)      0.0036
  (56,58)      0.0180
  (59,58)      0.0107
  (60,58)      0.0069
  (65,58)      0.0294
  (83,58)      0.0271
  (45,59)      0.0152
  (47,59)      0.0197
  (54,59)      0.0113
  (56,59)      0.0078
  (58,59)      0.0107
  (60,59)      0.0046
  (64,59)      0.0057
  (65,59)      0.0189
  (83,59)      0.0297
 (144,59)      0.0638
  (47,60)      0.0242
  (49,60)      0.0119
  (54,60)      0.0087
  (56,60)      0.0124
  (58,60)      0.0069
  (59,60)      0.0046
  (64,60)      0.0048
  (65,60)      0.0225
  (40,61)      0.0242
  (45,61)      0.0302
  (50,61)      0.0123
  (55,61)      0.0067
  (62,61)      0.0201
  (63,61)      0.0070
  (40,62)      0.0377
  (45,62)      0.0490
  (46,62)      0.0215
  (50,62)      0.0302
  (55,62)      0.0191
  (61,62)      0.0201
  (63,62)      0.0133
  (67,62)      0.0786
 (144,62)      0.0511
 (166,62)      0.0605
  (45,63)      0.0370
  (46,63)      0.0163
  (50,63)      0.0185
  (55,63)      0.0089
  (61,63)      0.0070
  (62,63)      0.0133
  (67,63)      0.0918
 (144,63)      0.0479
 (166,63)      0.0656
  (59,64)      0.0057
  (60,64)      0.0048
  (65,64)      0.0191
   (8,65)      0.2040
  (39,65)      0.0306
  (45,65)      0.0323
  (47,65)      0.0178
  (48,65)      0.0212
  (54,65)      0.0301
  (56,65)      0.0141
  (58,65)      0.0294
  (59,65)      0.0189
  (60,65)      0.0225
  (64,65)      0.0191
  (66,65)      0.0068
  (67,65)      0.1498
  (74,65)      0.0147
  (75,65)      0.0143
  (83,65)      0.0378
  (87,65)      0.0223
 (108,65)      0.0307
 (112,65)      0.2025
 (116,65)      0.0331
 (118,65)      0.1800
 (142,65)      0.0572
 (144,65)      0.0709
 (151,65)      0.0485
 (166,65)      0.1059
 (169,65)      0.0600
 (176,65)      0.2031
 (183,65)      0.0660
 (197,65)      0.0752
 (201,65)      0.0761
 (203,65)      0.0787
 (219,65)      0.0984
 (245,65)      0.1109
 (246,65)      0.1131
 (248,65)      0.1133
 (253,65)      0.1163
 (255,65)      0.2254
 (258,65)      0.1280
 (261,65)      0.1779
 (263,65)      0.1259
 (293,65)      0.2037
  (65,66)      0.0068
  (87,66)      0.0156
 (116,66)      0.0271
 (151,66)      0.0422
   (8,67)      0.3284
  (41,67)      0.0522
  (43,67)      0.0364
  (44,67)      0.0356
  (45,67)      0.1266
  (46,67)      0.0958
  (47,67)      0.1502
  (50,67)      0.1082
  (51,67)      0.0267
  (52,67)      0.0194
  (53,67)      0.0424
  (62,67)      0.0786
  (63,67)      0.0918
  (65,67)      0.1498
  (71,67)      0.0262
  (76,67)      0.0508
  (78,67)      0.0100
  (79,67)      0.0138
  (82,67)      0.0219
  (90,67)      0.0258
  (94,67)      0.0327
  (95,67)      0.0760
  (99,67)      0.0435
 (109,67)      0.1156
 (111,67)      0.0465
 (112,67)      0.0563
 (118,67)      0.0388
 (119,67)      0.1082
 (120,67)      0.0297
 (123,67)      0.0406
 (128,67)      0.0321
 (131,67)      0.0667
 (133,67)      0.0368
 (136,67)      0.1058
 (144,67)      0.1033
 (146,67)      0.1061
 (147,67)      0.1050
 (150,67)      0.1069
 (152,67)      0.0783
 (153,67)      0.0829
 (159,67)      0.0703
 (161,67)      0.0661
 (162,67)      0.1033
 (166,67)      0.0770
 (167,67)      0.0607
 (172,67)      0.0540
 (174,67)      0.1004
 (176,67)      0.0708
 (177,67)      0.0983
 (179,67)      0.1005
 (182,67)      0.0604
 (183,67)      0.1562
 (189,67)      0.0745
 (197,67)      0.1629
 (201,67)      0.1639
 (203,67)      0.1630
 (217,67)      0.0900
 (219,67)      0.1399
 (230,67)      0.1115
 (232,67)      0.0954
 (233,67)      0.1163
 (246,67)      0.1617
 (248,67)      0.1655
 (253,67)      0.1651
 (255,67)      0.1163
 (258,67)      0.1454
 (261,67)      0.1162
 (263,67)      0.1685
 (274,67)      0.1518
 (292,67)      0.1431
 (293,67)      0.1428
 (296,67)      0.1460
 (299,67)      0.1685
 (301,67)      0.1705
 (307,67)      0.1847
 (310,67)      0.1917
 (311,67)      0.1939
 (313,67)      0.3992
  (80,68)      0.0134
  (96,68)      0.0223
 (109,68)      0.0259
 (118,68)      0.1008
 (125,68)      0.0323
 (147,68)      0.0478
  (57,69)      0.0198
  (71,69)      0.0084
  (73,69)      0.0077
 (118,69)      0.0283
  (57,70)      0.0199
 (112,70)      0.0267
 (118,70)      0.0289
  (57,71)      0.0197
  (67,71)      0.0262
  (69,71)      0.0084
  (73,71)      0.0030
  (77,71)      0.0053
  (90,71)      0.0143
 (111,71)      0.0252
 (112,71)      0.0326
 (118,71)      0.0240
  (96,72)      0.0171
 (118,72)      0.0788
 (146,72)      0.0355
 (147,72)      0.0365
 (152,72)      0.0523
 (162,72)      0.0452
 (177,72)      0.0572
  (69,73)      0.0077
  (71,73)      0.0030
  (77,73)      0.0026
  (90,73)      0.0115
  (94,73)      0.0129
 (118,73)      0.0220
  (47,74)      0.0310
  (65,74)      0.0147
  (75,74)      0.0106
 (116,74)      0.0203
 (201,74)      0.0637
  (47,75)      0.0320
  (65,75)      0.0143
  (74,75)      0.0106
  (87,75)      0.0085
 (108,75)      0.0168
 (116,75)      0.0202
 (151,75)      0.0348
 (166,75)      0.1021
 (201,75)      0.0622
  (67,76)      0.0508
  (82,76)      0.0325
  (98,76)      0.0204
 (118,76)      0.0797
 (142,76)      0.0717
 (144,76)      0.0551
  (71,77)      0.0053
  (73,77)      0.0026
  (94,77)      0.0104
 (118,77)      0.0195
  (67,78)      0.0100
  (79,78)      0.0063
 (118,78)      0.0298
  (67,79)      0.0138
  (78,79)      0.0063
 (118,79)      0.0250
  (68,80)      0.0134
 (101,80)      0.0198
 (109,80)      0.0128
 (118,80)      0.0910
 (146,80)      0.0329
 (147,80)      0.0344
 (152,80)      0.0588
 (162,80)      0.0440
 (176,80)      0.0853
 (177,80)      0.0579
  (85,81)      0.0069
 (118,81)      0.1173
 (144,81)      0.0277
 (166,81)      0.0472
 (261,81)      0.1239
  (51,82)      0.0319
  (53,82)      0.0367
  (67,82)      0.0219
  (76,82)      0.0325
 (106,82)      0.0113
 (118,82)      0.0475
 (130,82)      0.0376
 (140,82)      0.0261
 (144,82)      0.0821
 (166,82)      0.0551
 (182,82)      0.0564
  (45,83)      0.0393
  (47,83)      0.0483
  (54,83)      0.0307
  (58,83)      0.0271
  (59,83)      0.0297
  (65,83)      0.0378
  (85,83)      0.0211
  (86,83)      0.0098
  (97,83)      0.0195
 (104,83)      0.0136
 (118,83)      0.1450
 (144,83)      0.0343
 (166,83)      0.0681
 (201,83)      0.0649
 (248,83)      0.0927
 (112,84)      0.0131
 (118,84)      0.0245
  (81,85)      0.0069
  (83,85)      0.0211
  (97,85)      0.0064
 (144,85)      0.0261
 (261,85)      0.1272
  (47,86)      0.0555
  (83,86)      0.0098
 (144,86)      0.0286
  (65,87)      0.0223
  (66,87)      0.0156
  (75,87)      0.0085
 (118,88)      0.0142
 (174,89)      0.0386
  (67,90)      0.0258
  (71,90)      0.0143
  (73,90)      0.0115
  (94,90)      0.0075
 (112,90)      0.0317
 (118,90)      0.0133
 (152,90)      0.0528
 (166,90)      0.0855
 (182,90)      0.0422
  (92,91)      0.0080
  (95,91)      0.0057
 (109,91)      0.0348
 (112,91)      0.0302
 (118,91)      0.0532
 (119,91)      0.0278
 (146,91)      0.0296
 (147,91)      0.0293
 (150,91)      0.0309
 (152,91)      0.0283
 (162,91)      0.0334
 (174,91)      0.0380
 (176,91)      0.0527
 (177,91)      0.0399
 (179,91)      0.0408
 (221,91)      0.0694
 (230,91)      0.0773
 (255,91)      0.0968
  (91,92)      0.0080
  (95,92)      0.0135
 (109,92)      0.0270
 (112,92)      0.0379
 (118,92)      0.0611
 (119,92)      0.0207
 (143,92)      0.0269
 (146,92)      0.0250
 (147,92)      0.0251
 (150,92)      0.0264
 (152,92)      0.0326
 (162,92)      0.0312
 (174,92)      0.0377
 (176,92)      0.0584
 (179,92)      0.0409
 (182,92)      0.0837
 (221,92)      0.0704
 (230,92)      0.0793
 (255,92)      0.0998
 (299,92)      0.1427
 (100,93)      0.0047
 (118,93)      0.0232
 (152,93)      0.0297
 (161,93)      0.0294
  (47,94)      0.1804
  (67,94)      0.0327
  (73,94)      0.0129
  (77,94)      0.0104
  (90,94)      0.0075
  (99,94)      0.0121
 (109,94)      0.0863
 (112,94)      0.0242
 (118,94)      0.0093
 (131,94)      0.0341
 (146,94)      0.0745
 (147,94)      0.0733
 (152,94)      0.0456
 (159,94)      0.0380
 (162,94)      0.0709
 (166,94)      0.0917
 (172,94)      0.0492
 (176,94)      0.0408
 (179,94)      0.0677
 (182,94)      0.0420
 (201,94)      0.1827
 (217,94)      0.0655
 (219,94)      0.1535
 (230,94)      0.0819
 (232,94)      0.0762
 (248,94)      0.1776
 (255,94)      0.0906
 (258,94)      0.1528
 (261,94)      0.1068
 (263,94)      0.1782
 (299,94)      0.1427
 (301,94)      0.1457
 (310,94)      0.1661
 (311,94)      0.1684
  (67,95)      0.0760
  (91,95)      0.0057
  (92,95)      0.0135
 (101,95)      0.0252
 (109,95)      0.0398
 (112,95)      0.0245
 (118,95)      0.0476
 (119,95)      0.0323
 (131,95)      0.0216
 (146,95)      0.0323
 (147,95)      0.0317
 (150,95)      0.0335
 (152,95)      0.0246
 (162,95)      0.0343
 (174,95)      0.0375
 (176,95)      0.0479
 (177,95)      0.0387
 (179,95)      0.0399
 (221,95)      0.0675
 (230,95)      0.0747
 (255,95)      0.0934
 (299,95)      0.1392
  (68,96)      0.0223
  (72,96)      0.0171
 (118,96)      0.0844
 (147,96)      0.0255
 (152,96)      0.0505
 (162,96)      0.0351
 (177,96)      0.0489
  (83,97)      0.0195
  (85,97)      0.0064
 (104,97)      0.0105
  (76,98)      0.0204
 (144,98)      0.0347
  (67,99)      0.0435
  (94,99)      0.0121
 (112,99)      0.0128
 (118,99)      0.0149
 (147,99)      0.0616
 (152,99)      0.0354
 (161,99)      0.0293
 (167,99)      0.0305
 (176,99)      0.0370
  (93,100)     0.0047
 (111,100)     0.0071
 (112,100)     0.0083
 (118,100)     0.0186
 (137,100)     0.0175
 (152,100)     0.0312
 (161,100)     0.0276
  (80,101)     0.0198
  (95,101)     0.0252
 (112,101)     0.0489
 (118,101)     0.0722
 (129,101)     0.0120
 (146,101)     0.0189
 (152,101)     0.0392
 (162,101)     0.0285
 (174,101)     0.0372
 (176,101)     0.0657
 (179,101)     0.0407
 (221,101)     0.0704
 (230,101)     0.0807
 (255,101)     0.1024
 (107,102)     0.0087
 (118,102)     0.0236
 (120,102)     0.0073
 (182,102)     0.0378
 (115,103)     0.0038
 (152,103)     0.0271
  (83,104)     0.0136
  (97,104)     0.0105
 (144,104)     0.0206
 (123,105)     0.0248
 (167,105)     0.0306
 (182,105)     0.0512
  (82,106)     0.0113
 (118,106)     0.0434
 (120,106)     0.0243
 (140,106)     0.0150
 (166,106)     0.0500
 (182,106)     0.0465
 (102,107)     0.0087
 (118,107)     0.0149
  (65,108)     0.0307
  (75,108)     0.0168
 (116,108)     0.0062
 (201,108)     0.0455
  (47,109)     0.2658
  (67,109)     0.1156
  (68,109)     0.0259
  (80,109)     0.0128
  (91,109)     0.0348
  (92,109)     0.0270
  (94,109)     0.0863
  (95,109)     0.0398
 (112,109)     0.0629
 (118,109)     0.0862
 (119,109)     0.0095
 (131,109)     0.0560
 (144,109)     0.2092
 (146,109)     0.0211
 (147,109)     0.0227
 (150,109)     0.0218
 (152,109)     0.0503
 (159,109)     0.0647
 (161,109)     0.0713
 (162,109)     0.0321
 (166,109)     0.1744
 (167,109)     0.0819
 (170,109)     0.0332
 (174,109)     0.0420
 (176,109)     0.0765
 (177,109)     0.0464
 (179,109)     0.0455
 (182,109)     0.1045
 (201,109)     0.2655
 (202,109)     0.0565
 (203,109)     0.2638
 (212,109)     0.0586
 (217,109)     0.0997
 (219,109)     0.2328
 (221,109)     0.0736
 (230,109)     0.0851
 (232,109)     0.1193
 (248,109)     0.2545
 (255,109)     0.1078
 (258,109)     0.2256
 (261,109)     0.1605
 (273,109)     0.1108
 (293,109)     0.1714
 (299,109)     0.1431
 (301,109)     0.1495
 (306,109)     0.1568
 (307,109)     0.1608
 (310,109)     0.1625
 (311,109)     0.1652
 (321,109)     0.2300
 (152,110)     0.0458
 (162,110)     0.0286
  (67,111)     0.0465
  (71,111)     0.0252
 (100,111)     0.0071
 (112,111)     0.0112
 (118,111)     0.0123
 (152,111)     0.0318
 (161,111)     0.0233
   (8,112)     0.3847
  (47,112)     0.2046
  (65,112)     0.2025
  (67,112)     0.0563
  (70,112)     0.0267
  (71,112)     0.0326
  (84,112)     0.0131
  (90,112)     0.0317
  (91,112)     0.0302
  (92,112)     0.0379
  (94,112)     0.0242
  (95,112)     0.0245
  (99,112)     0.0128
 (100,112)     0.0083
 (101,112)     0.0489
 (109,112)     0.0629
 (111,112)     0.0112
 (118,112)     0.0233
 (119,112)     0.0544
 (123,112)     0.0228
 (125,112)     0.0609
 (126,112)     0.0159
 (131,112)     0.0108
 (136,112)     0.0503
 (137,112)     0.0151
 (144,112)     0.1464
 (146,112)     0.0502
 (147,112)     0.0490
 (149,112)     0.0430
 (150,112)     0.0510
 (152,112)     0.0229
 (157,112)     0.0387
 (159,112)     0.0213
 (161,112)     0.0225
 (162,112)     0.0470
 (166,112)     0.1121
 (167,112)     0.0282
 (170,112)     0.0519
 (172,112)     0.0643
 (174,112)     0.0448
 (176,112)     0.0310
 (177,112)     0.0434
 (179,112)     0.0454
 (182,112)     0.0487
 (189,112)     0.0405
 (201,112)     0.2035
 (202,112)     0.0545
 (203,112)     0.2019
 (212,112)     0.0626
 (217,112)     0.0606
 (219,112)     0.1723
 (221,112)     0.0649
 (230,112)     0.0680
 (232,112)     0.0764
 (248,112)     0.1952
 (253,112)     0.1938
 (255,112)     0.0821
 (258,112)     0.1684
 (261,112)     0.1131
 (263,112)     0.1947
 (292,112)     0.1220
 (293,112)     0.1319
 (296,112)     0.1346
 (299,112)     0.1321
 (301,112)     0.1362
 (305,112)     0.1417
 (306,112)     0.1493
 (307,112)     0.1500
 (310,112)     0.1552
 (311,112)     0.1577
 (152,113)     0.0271
 (174,113)     0.0292
 (118,114)     0.0065
 (103,115)     0.0038
 (152,115)     0.0233
  (65,116)     0.0331
  (66,116)     0.0271
  (74,116)     0.0203
  (75,116)     0.0202
 (108,116)     0.0062
 (151,116)     0.0159
 (152,117)     0.0152
   (8,118)     0.3655
  (45,118)     0.1602
  (47,118)     0.1828
  (51,118)     0.0655
  (57,118)     0.0435
  (65,118)     0.1800
  (67,118)     0.0388
  (68,118)     0.1008
  (69,118)     0.0283
  (70,118)     0.0289
  (71,118)     0.0240
  (72,118)     0.0788
  (73,118)     0.0220
  (76,118)     0.0797
  (77,118)     0.0195
  (78,118)     0.0298
  (79,118)     0.0250
  (80,118)     0.0910
  (81,118)     0.1173
  (82,118)     0.0475
  (83,118)     0.1450
  (84,118)     0.0245
  (88,118)     0.0142
  (90,118)     0.0133
  (91,118)     0.0532
  (92,118)     0.0611
  (93,118)     0.0232
  (94,118)     0.0093
  (95,118)     0.0476
  (96,118)     0.0844
  (99,118)     0.0149
 (100,118)     0.0186
 (101,118)     0.0722
 (102,118)     0.0236
 (106,118)     0.0434
 (107,118)     0.0149
 (109,118)     0.0862
 (111,118)     0.0123
 (112,118)     0.0233
 (114,118)     0.0065
 (119,118)     0.0775
 (120,118)     0.0194
 (125,118)     0.0839
 (126,118)     0.0085
 (127,118)     0.0212
 (128,118)     0.0296
 (129,118)     0.0704
 (130,118)     0.0142
 (131,118)     0.0313
 (133,118)     0.0412
 (134,118)     0.0768
 (136,118)     0.0728
 (137,118)     0.0168
 (139,118)     0.0344
 (140,118)     0.0464
 (143,118)     0.0762
 (144,118)     0.1231
 (145,118)     0.0200
 (146,118)     0.0724
 (147,118)     0.0711
 (148,118)     0.0155
 (149,118)     0.0648
 (150,118)     0.0730
 (152,118)     0.0416
 (153,118)     0.0994
 (154,118)     0.0152
 (155,118)     0.0157
 (157,118)     0.0592
 (158,118)     0.0186
 (159,118)     0.0317
 (161,118)     0.0273
 (162,118)     0.0676
 (163,118)     0.0223
 (164,118)     0.0211
 (166,118)     0.0890
 (167,118)     0.0231
 (168,118)     0.0993
 (169,118)     0.1640
 (172,118)     0.0431
 (173,118)     0.1001
 (174,118)     0.0632
 (176,118)     0.0325
 (177,118)     0.0606
 (179,118)     0.0628
 (181,118)     0.0907
 (182,118)     0.0332
 (183,118)     0.1744
 (186,118)     0.0471
 (189,118)     0.0379
 (191,118)     0.0376
 (192,118)     0.0412
 (197,118)     0.1795
 (198,118)     0.0637
 (201,118)     0.1804
 (202,118)     0.0688
 (203,118)     0.1788
 (204,118)     0.0600
 (212,118)     0.0769
 (216,118)     0.0686
 (217,118)     0.0562
 (218,118)     0.0693
 (219,118)     0.1498
 (221,118)     0.0745
 (222,118)     0.0622
 (225,118)     0.0800
 (229,118)     0.0955
 (230,118)     0.0737
 (232,118)     0.0670
 (233,118)     0.1161
 (240,118)     0.0703
 (246,118)     0.1691
 (248,118)     0.1733
 (249,118)     0.0842
 (250,118)     0.1652
 (253,118)     0.1720
 (255,118)     0.0815
 (256,118)     0.0806
 (258,118)     0.1474
 (260,118)     0.0955
 (261,118)     0.0985
 (263,118)     0.1733
 (273,118)     0.1001
 (274,118)     0.1504
 (276,118)     0.1353
 (284,118)     0.1142
 (288,118)     0.1222
 (292,118)     0.1151
 (293,118)     0.1207
 (296,118)     0.1237
 (297,118)     0.1305
 (299,118)     0.1337
 (301,118)     0.1366
 (305,118)     0.1419
 (306,118)     0.1514
 (307,118)     0.1508
 (310,118)     0.1570
 (311,118)     0.1594
 (313,118)     0.4076
 (321,118)     0.2510
  (67,119)     0.1082
  (91,119)     0.0278
  (92,119)     0.0207
  (95,119)     0.0323
 (109,119)     0.0095
 (112,119)     0.0544
 (118,119)     0.0775
 (131,119)     0.0470
 (146,119)     0.0126
 (147,119)     0.0141
 (150,119)     0.0136
 (152,119)     0.0408
 (162,119)     0.0236
 (174,119)     0.0333
 (176,119)     0.0670
 (177,119)     0.0375
 (179,119)     0.0368
 (182,119)     0.0950
 (217,119)     0.0904
 (221,119)     0.0657
 (230,119)     0.0768
 (255,119)     0.0992
 (261,119)     0.1511
 (299,119)     0.1363
 (301,119)     0.1425
 (306,119)     0.1505
 (310,119)     0.1563
 (311,119)     0.1590
 (321,119)     0.2271
  (67,120)     0.0297
 (102,120)     0.0073
 (106,120)     0.0243
 (118,120)     0.0194
 (130,120)     0.0073
 (166,120)     0.0700
 (182,120)     0.0307
 (258,120)     0.1312
 (142,121)     0.0629
 (163,122)     0.0220
  (47,123)     0.1841
  (67,123)     0.0406
 (105,123)     0.0248
 (112,123)     0.0228
 (131,123)     0.0302
 (146,123)     0.0714
 (147,123)     0.0700
 (152,123)     0.0403
 (159,123)     0.0300
 (163,123)     0.0210
 (166,123)     0.0894
 (167,123)     0.0211
 (172,123)     0.0427
 (179,123)     0.0613
 (182,123)     0.0319
 (217,123)     0.0544
 (219,123)     0.1499
 (255,123)     0.0796
 (261,123)     0.0973
 (273,123)     0.0981
 (296,123)     0.1222
 (299,123)     0.1317
 (301,123)     0.1347
 (302,123)     0.1351
 (307,123)     0.1489
 (310,123)     0.1551
 (138,124)     0.0076
 (201,124)     0.0408
  (68,125)     0.0323
 (112,125)     0.0609
 (118,125)     0.0839
 (131,125)     0.0532
 (147,125)     0.0171
 (152,125)     0.0463
 (162,125)     0.0263
 (170,125)     0.0270
 (174,125)     0.0362
 (177,125)     0.0406
 (179,125)     0.0396
 (221,125)     0.0673
 (230,125)     0.0789
 (255,125)     0.1017
 (299,125)     0.1366
 (112,126)     0.0159
 (118,126)     0.0085
 (137,126)     0.0089
 (152,126)     0.0331
 (161,126)     0.0203
 (176,126)     0.0268
 (182,126)     0.0349
 (217,126)     0.0533
 (118,127)     0.0212
 (137,127)     0.0092
 (152,127)     0.0210
 (255,127)     0.0760
  (67,128)     0.0321
 (118,128)     0.0296
 (133,128)     0.0116
 (142,128)     0.1129
 (152,128)     0.0691
 (166,128)     0.0596
 (182,128)     0.0315
 (258,128)     0.1214
 (261,128)     0.0844
 (101,129)     0.0120
 (118,129)     0.0704
 (152,129)     0.0327
 (221,129)     0.0589
 (255,129)     0.0917
  (82,130)     0.0376
 (118,130)     0.0142
 (120,130)     0.0073
 (145,130)     0.0071
 (148,130)     0.0086
 (160,130)     0.0148
 (166,130)     0.0749
 (182,130)     0.0258
 (258,130)     0.1336
  (47,131)     0.2139
  (67,131)     0.0667
  (94,131)     0.0341
  (95,131)     0.0216
 (109,131)     0.0560
 (112,131)     0.0108
 (118,131)     0.0313
 (119,131)     0.0470
 (123,131)     0.0302
 (125,131)     0.0532
 (146,131)     0.0412
 (147,131)     0.0398
 (150,131)     0.0418
 (152,131)     0.0121
 (153,131)     0.1295
 (162,131)     0.0368
 (166,131)     0.1183
 (167,131)     0.0278
 (170,131)     0.0415
 (172,131)     0.0685
 (174,131)     0.0340
 (176,131)     0.0267
 (177,131)     0.0325
 (179,131)     0.0346
 (182,131)     0.0502
 (189,131)     0.0367
 (201,131)     0.2095
 (212,131)     0.0519
 (217,131)     0.0562
 (219,131)     0.1771
 (221,131)     0.0552
 (230,131)     0.0594
 (248,131)     0.1993
 (255,131)     0.0753
 (258,131)     0.1715
 (261,131)     0.1123
 (292,131)     0.1172
 (293,131)     0.1290
 (299,131)     0.1240
 (301,131)     0.1284
 (305,131)     0.1339
 (306,131)     0.1410
 (307,131)     0.1421
 (310,131)     0.1469
 (311,131)     0.1494
 (152,132)     0.0243
 (174,132)     0.0212
 (230,132)     0.0643
 (255,132)     0.0858
  (67,133)     0.0368
 (118,133)     0.0412
 (128,133)     0.0116
 (140,133)     0.0062
 (144,133)     0.0821
 (152,133)     0.0802
 (166,133)     0.0481
 (172,133)     0.0201
 (182,133)     0.0373
 (219,133)     0.1101
 (232,133)     0.0669
 (255,133)     0.0936
 (258,133)     0.1113
 (261,133)     0.0806
 (293,133)     0.1082
 (118,134)     0.0768
 (136,134)     0.0046
 (139,135)     0.0050
  (67,136)     0.1058
 (112,136)     0.0503
 (118,136)     0.0728
 (134,136)     0.0046
 (152,136)     0.0337
 (100,137)     0.0175
 (112,137)     0.0151
 (118,137)     0.0168
 (126,137)     0.0089
 (127,137)     0.0092
 (139,137)     0.0191
 (152,137)     0.0257
 (161,137)     0.0114
 (176,137)     0.0187
 (255,137)     0.0702
 (124,138)     0.0076
 (183,138)     0.0253
 (201,138)     0.0333
 (118,139)     0.0344
 (135,139)     0.0050
 (137,139)     0.0191
 (161,139)     0.0171
 (162,139)     0.0331
 (167,139)     0.0272
 (177,139)     0.0277
 (230,139)     0.0546
  (82,140)     0.0261
 (106,140)     0.0150
 (118,140)     0.0464
 (133,140)     0.0062
 (166,140)     0.0426
 (182,140)     0.0382
 (157,141)     0.0083
 (177,141)     0.0183
  (39,142)     0.0835
  (45,142)     0.0655
  (47,142)     0.0714
  (65,142)     0.0572
  (76,142)     0.0717
 (121,142)     0.0629
 (128,142)     0.1129
 (144,142)     0.0194
 (166,142)     0.0564
 (172,142)     0.1083
 (198,142)     0.0983
 (216,142)     0.1105
 (225,142)     0.1062
 (229,142)     0.0895
 (233,142)     0.0724
 (261,142)     0.1219
 (293,142)     0.1469
  (92,143)     0.0269
 (118,143)     0.0762
 (147,143)     0.0055
 (152,143)     0.0364
 (162,143)     0.0140
 (170,143)     0.0148
 (174,143)     0.0239
 (221,143)     0.0552
 (230,143)     0.0666
 (299,143)     0.1253
 (306,143)     0.1394
 (310,143)     0.1452
 (311,143)     0.1479
   (8,144)     0.2746
  (40,144)     0.0728
  (45,144)     0.0712
  (46,144)     0.0641
  (47,144)     0.0825
  (50,144)     0.0596
  (53,144)     0.0809
  (55,144)     0.0556
  (59,144)     0.0638
  (62,144)     0.0511
  (63,144)     0.0479
  (65,144)     0.0709
  (67,144)     0.1033
  (76,144)     0.0551
  (81,144)     0.0277
  (82,144)     0.0821
  (83,144)     0.0343
  (85,144)     0.0261
  (86,144)     0.0286
  (98,144)     0.0347
 (104,144)     0.0206
 (109,144)     0.2092
 (112,144)     0.1464
 (118,144)     0.1231
 (133,144)     0.0821
 (142,144)     0.0194
 (150,144)     0.1945
 (162,144)     0.1873
 (166,144)     0.0374
 (168,144)     0.0280
 (169,144)     0.0416
 (172,144)     0.0890
 (176,144)     0.1401
 (177,144)     0.1767
 (181,144)     0.0416
 (182,144)     0.1118
 (183,144)     0.0529
 (197,144)     0.0599
 (201,144)     0.0609
 (203,144)     0.0603
 (213,144)     0.0549
 (216,144)     0.0929
 (219,144)     0.0477
 (225,144)     0.0895
 (233,144)     0.0613
 (245,144)     0.0708
 (246,144)     0.0704
 (248,144)     0.0731
 (250,144)     0.0704
 (253,144)     0.0742
 (255,144)     0.1560
 (258,144)     0.0702
 (261,144)     0.1071
 (263,144)     0.0813
 (274,144)     0.0830
 (292,144)     0.1512
 (293,144)     0.1335
 (297,144)     0.1276
 (299,144)     0.1958
 (118,145)     0.0200
 (130,145)     0.0071
 (148,145)     0.0074
 (182,145)     0.0198
  (67,146)     0.1061
  (72,146)     0.0355
  (80,146)     0.0329
  (91,146)     0.0296
  (92,146)     0.0250
  (94,146)     0.0745
  (95,146)     0.0323
 (101,146)     0.0189
 (109,146)     0.0211
 (112,146)     0.0502
 (118,146)     0.0724
 (119,146)     0.0126
 (123,146)     0.0714
 (131,146)     0.0412
 (147,146)     0.0017
 (150,146)     0.0014
 (152,146)     0.0325
 (159,146)     0.0466
 (161,146)     0.0533
 (166,146)     0.1583
 (167,146)     0.0641
 (168,146)     0.1686
 (172,146)     0.1071
 (174,146)     0.0209
 (176,146)     0.0574
 (177,146)     0.0253
 (179,146)     0.0244
 (182,146)     0.0862
 (189,146)     0.0654
 (202,146)     0.0358
 (212,146)     0.0390
 (217,146)     0.0790
 (218,146)     0.0543
 (221,146)     0.0531
 (230,146)     0.0642
 (232,146)     0.0987
 (237,146)     0.0704
 (255,146)     0.0868
 (260,146)     0.0815
 (261,146)     0.1400
 (284,146)     0.1060
 (292,146)     0.1326
 (293,146)     0.1503
 (299,146)     0.1238
 (301,146)     0.1300
 (305,146)     0.1353
 (306,146)     0.1383
 (307,146)     0.1418
 (310,146)     0.1441
 (311,146)     0.1468
  (47,147)     0.2535
  (67,147)     0.1050
  (68,147)     0.0478
  (72,147)     0.0365
  (80,147)     0.0344
  (91,147)     0.0293
  (92,147)     0.0251
  (94,147)     0.0733
  (95,147)     0.0317
  (96,147)     0.0255
  (99,147)     0.0616
 (109,147)     0.0227
 (112,147)     0.0490
 (118,147)     0.0711
 (119,147)     0.0141
 (123,147)     0.0700
 (125,147)     0.0171
 (131,147)     0.0398
 (143,147)     0.0055
 (146,147)     0.0017
 (150,147)     0.0020
 (152,147)     0.0310
 (153,147)     0.1684
 (159,147)     0.0450
 (161,147)     0.0517
 (162,147)     0.0095
 (166,147)     0.1567
 (167,147)     0.0625
 (172,147)     0.1055
 (174,147)     0.0193
 (176,147)     0.0558
 (177,147)     0.0237
 (179,147)     0.0229
 (182,147)     0.0845
 (201,147)     0.2472
 (202,147)     0.0344
 (212,147)     0.0378
 (217,147)     0.0773
 (218,147)     0.0528
 (219,147)     0.2134
 (221,147)     0.0517
 (230,147)     0.0627
 (232,147)     0.0970
 (248,147)     0.2344
 (249,147)     0.0736
 (255,147)     0.0852
 (258,147)     0.2049
 (260,147)     0.0802
 (261,147)     0.1383
 (273,147)     0.0893
 (284,147)     0.1047
 (292,147)     0.1310
 (293,147)     0.1487
 (298,147)     0.1155
 (299,147)     0.1226
 (300,147)     0.1247
 (301,147)     0.1288
 (305,147)     0.1340
 (306,147)     0.1372
 (307,147)     0.1406
 (310,147)     0.1430
 (311,147)     0.1457
 (320,147)     0.2151
 (321,147)     0.2166
 (322,147)     0.2187
 (324,147)     0.2201
 (325,147)     0.2247
 (118,148)     0.0155
 (130,148)     0.0086
 (145,148)     0.0074
 (158,148)     0.0094
 (166,148)     0.0779
 (182,148)     0.0186
 (112,149)     0.0430
 (118,149)     0.0648
 (152,149)     0.0244
 (157,149)     0.0080
 (221,149)     0.0487
 (230,149)     0.0590
 (255,149)     0.0811
  (47,150)     0.2555
  (67,150)     0.1069
  (91,150)     0.0309
  (92,150)     0.0264
  (95,150)     0.0335
 (109,150)     0.0218
 (112,150)     0.0510
 (118,150)     0.0730
 (119,150)     0.0136
 (131,150)     0.0418
 (144,150)     0.1945
 (146,150)     0.0014
 (147,150)     0.0020
 (152,150)     0.0328
 (159,150)     0.0468
 (162,150)     0.0104
 (166,150)     0.1586
 (167,150)     0.0643
 (174,150)     0.0203
 (176,150)     0.0574
 (177,150)     0.0247
 (179,150)     0.0238
 (182,150)     0.0863
 (201,150)     0.2491
 (202,150)     0.0349
 (212,150)     0.0379
 (219,150)     0.2151
 (221,150)     0.0522
 (230,150)     0.0634
 (248,150)     0.2360
 (255,150)     0.0860
 (258,150)     0.2065
 (261,150)     0.1396
 (263,150)     0.2335
 (292,150)     0.1318
 (296,150)     0.1517
 (299,150)     0.1227
 (301,150)     0.1289
 (306,150)     0.1371
 (310,150)     0.1429
 (311,150)     0.1456
 (320,150)     0.2143
 (321,150)     0.2158
 (322,150)     0.2178
 (324,150)     0.2193
 (325,150)     0.2238
  (65,151)     0.0485
  (66,151)     0.0422
  (75,151)     0.0348
 (116,151)     0.0159
 (201,151)     0.0276
  (47,152)     0.2244
  (67,152)     0.0783
  (72,152)     0.0523
  (80,152)     0.0588
  (90,152)     0.0528
  (91,152)     0.0283
  (92,152)     0.0326
  (93,152)     0.0297
  (94,152)     0.0456
  (95,152)     0.0246
  (96,152)     0.0505
  (99,152)     0.0354
 (100,152)     0.0312
 (101,152)     0.0392
 (103,152)     0.0271
 (109,152)     0.0503
 (110,152)     0.0458
 (111,152)     0.0318
 (112,152)     0.0229
 (113,152)     0.0271
 (115,152)     0.0233
 (117,152)     0.0152
 (118,152)     0.0416
 (119,152)     0.0408
 (123,152)     0.0403
 (125,152)     0.0463
 (126,152)     0.0331
 (127,152)     0.0210
 (128,152)     0.0691
 (129,152)     0.0327
 (131,152)     0.0121
 (132,152)     0.0243
 (133,152)     0.0802
 (136,152)     0.0337
 (137,152)     0.0257
 (143,152)     0.0364
 (146,152)     0.0325
 (147,152)     0.0310
 (149,152)     0.0244
 (150,152)     0.0328
 (156,152)     0.0277
 (157,152)     0.0178
 (158,152)     0.0412
 (159,152)     0.0144
 (161,152)     0.0211
 (162,152)     0.0261
 (166,152)     0.1258
 (167,152)     0.0318
 (170,152)     0.0305
 (172,152)     0.0747
 (174,152)     0.0221
 (176,152)     0.0265
 (177,152)     0.0204
 (179,152)     0.0225
 (182,152)     0.0542
 (183,152)     0.2114
 (186,152)     0.0214
 (187,152)     0.0235
 (189,152)     0.0357
 (191,152)     0.0439
 (192,152)     0.0323
 (198,152)     0.0917
 (201,152)     0.2163
 (202,152)     0.0321
 (210,152)     0.0373
 (212,152)     0.0400
 (215,152)     0.0400
 (217,152)     0.0531
 (218,152)     0.0420
 (219,152)     0.1828
 (221,152)     0.0447
 (222,152)     0.0486
 (230,152)     0.0505
 (232,152)     0.0719
 (233,152)     0.1441
 (248,152)     0.2042
 (252,152)     0.0654
 (255,152)     0.0688
 (256,152)     0.0741
 (258,152)     0.1754
 (261,152)     0.1122
 (263,152)     0.2023
 (284,152)     0.0958
 (288,152)     0.1319
 (292,152)     0.1126
 (293,152)     0.1265
 (297,152)     0.1400
 (299,152)     0.1153
 (301,152)     0.1202
 (305,152)     0.1257
 (306,152)     0.1319
 (307,152)     0.1335
 (310,152)     0.1378
 (311,152)     0.1404
  (67,153)     0.0829
 (118,153)     0.0994
 (131,153)     0.1295
 (147,153)     0.1684
 (166,153)     0.0137
 (203,153)     0.0806
 (248,153)     0.0845
 (261,153)     0.0892
 (293,153)     0.1171
 (118,154)     0.0152
 (164,154)     0.0062
 (171,154)     0.0128
 (182,154)     0.0180
 (118,155)     0.0157
 (171,155)     0.0094
 (152,156)     0.0277
 (112,157)     0.0387
 (118,157)     0.0592
 (141,157)     0.0083
 (149,157)     0.0080
 (152,157)     0.0178
 (177,157)     0.0125
 (221,157)     0.0426
 (230,157)     0.0521
 (255,157)     0.0738
 (118,158)     0.0186
 (148,158)     0.0094
 (152,158)     0.0412
 (161,158)     0.0207
 (171,158)     0.0074
 (182,158)     0.0162
  (67,159)     0.0703
  (94,159)     0.0380
 (109,159)     0.0647
 (112,159)     0.0213
 (118,159)     0.0317
 (123,159)     0.0300
 (146,159)     0.0466
 (147,159)     0.0450
 (150,159)     0.0468
 (152,159)     0.0144
 (161,159)     0.0068
 (162,159)     0.0390
 (166,159)     0.1120
 (167,159)     0.0175
 (174,159)     0.0327
 (176,159)     0.0128
 (179,159)     0.0317
 (182,159)     0.0398
 (217,159)     0.0417
 (219,159)     0.1685
 (230,159)     0.0468
 (248,159)     0.1898
 (255,159)     0.0612
 (258,159)     0.1610
 (261,159)     0.0990
 (293,159)     0.1148
 (299,159)     0.1108
 (301,159)     0.1149
 (130,160)     0.0148
 (182,160)     0.0122
  (67,161)     0.0661
  (93,161)     0.0294
  (99,161)     0.0293
 (100,161)     0.0276
 (109,161)     0.0713
 (111,161)     0.0233
 (112,161)     0.0225
 (118,161)     0.0273
 (126,161)     0.0203
 (137,161)     0.0114
 (139,161)     0.0171
 (146,161)     0.0533
 (147,161)     0.0517
 (152,161)     0.0211
 (158,161)     0.0207
 (159,161)     0.0068
 (162,161)     0.0457
 (167,161)     0.0108
 (174,161)     0.0390
 (179,161)     0.0378
 (182,161)     0.0332
 (189,161)     0.0183
 (191,161)     0.0245
 (230,161)     0.0478
 (248,161)     0.1832
 (255,161)     0.0598
 (261,161)     0.0936
 (299,161)     0.1106
 (301,161)     0.1143
  (67,162)     0.1033
  (72,162)     0.0452
  (80,162)     0.0440
  (91,162)     0.0334
  (92,162)     0.0312
  (94,162)     0.0709
  (95,162)     0.0343
  (96,162)     0.0351
 (101,162)     0.0285
 (109,162)     0.0321
 (110,162)     0.0286
 (112,162)     0.0470
 (118,162)     0.0676
 (119,162)     0.0236
 (125,162)     0.0263
 (131,162)     0.0368
 (139,162)     0.0331
 (143,162)     0.0140
 (144,162)     0.1873
 (147,162)     0.0095
 (150,162)     0.0104
 (152,162)     0.0261
 (159,162)     0.0390
 (161,162)     0.0457
 (166,162)     0.1510
 (167,162)     0.0563
 (172,162)     0.0994
 (174,162)     0.0099
 (176,162)     0.0486
 (177,162)     0.0144
 (179,162)     0.0134
 (182,162)     0.0777
 (201,162)     0.2410
 (202,162)     0.0250
 (212,162)     0.0289
 (217,162)     0.0684
 (218,162)     0.0433
 (219,162)     0.2065
 (221,162)     0.0423
 (230,162)     0.0532
 (232,162)     0.0881
 (237,162)     0.0593
 (243,162)     0.0552
 (248,162)     0.2270
 (249,162)     0.0641
 (252,162)     0.0621
 (255,162)     0.0757
 (258,162)     0.1971
 (261,162)     0.1295
 (273,162)     0.0800
 (284,162)     0.0954
 (288,162)     0.1465
 (292,162)     0.1215
 (293,162)     0.1393
 (299,162)     0.1136
 (301,162)     0.1196
 (305,162)     0.1249
 (306,162)     0.1284
 (307,162)     0.1317
 (310,162)     0.1342
 (311,162)     0.1369
 (321,162)     0.2101
 (118,163)     0.0223
 (122,163)     0.0220
 (123,163)     0.0210
 (182,163)     0.0110
 (118,164)     0.0211
 (154,164)     0.0062
 (182,164)     0.0128
 (201,165)     0.0210
  (41,166)     0.0831
  (45,166)     0.0988
  (47,166)     0.1150
  (50,166)     0.0828
  (51,166)     0.0796
  (53,166)     0.0701
  (62,166)     0.0605
  (63,166)     0.0656
  (65,166)     0.1059
  (67,166)     0.0770
  (75,166)     0.1021
  (81,166)     0.0472
  (82,166)     0.0551
  (83,166)     0.0681
  (90,166)     0.0855
  (94,166)     0.0917
 (106,166)     0.0500
 (109,166)     0.1744
 (112,166)     0.1121
 (118,166)     0.0890
 (120,166)     0.0700
 (123,166)     0.0894
 (128,166)     0.0596
 (130,166)     0.0749
 (131,166)     0.1183
 (133,166)     0.0481
 (140,166)     0.0426
 (142,166)     0.0564
 (144,166)     0.0374
 (146,166)     0.1583
 (147,166)     0.1567
 (148,166)     0.0779
 (150,166)     0.1586
 (152,166)     0.1258
 (153,166)     0.0137
 (159,166)     0.1120
 (162,166)     0.1510
 (167,166)     0.0947
 (168,166)     0.0104
 (169,166)     0.0758
 (172,166)     0.0520
 (173,166)     0.0114
 (174,166)     0.1438
 (175,166)     0.0195
 (176,166)     0.1032
 (177,166)     0.1399
 (181,166)     0.0094
 (182,166)     0.0746
 (183,166)     0.0857
 (184,166)     0.0158
 (197,166)     0.0905
 (198,166)     0.0431
 (201,166)     0.0914
 (203,166)     0.0898
 (206,166)     0.0634
 (213,166)     0.0808
 (216,166)     0.0572
 (217,166)     0.0991
 (219,166)     0.0631
 (225,166)     0.0560
 (230,166)     0.1295
 (232,166)     0.0883
 (233,166)     0.0461
 (242,166)     0.0917
 (245,166)     0.0869
 (246,166)     0.0847
 (248,166)     0.0886
 (250,166)     0.0821
 (251,166)     0.0883
 (253,166)     0.0881
 (255,166)     0.1195
 (258,166)     0.0706
 (261,166)     0.0770
 (263,166)     0.0919
 (274,166)     0.0794
 (276,166)     0.0766
 (288,166)     0.0977
 (292,166)     0.1196
 (293,166)     0.1055
 (296,166)     0.1085
 (297,166)     0.1032
 (299,166)     0.1618
 (301,166)     0.1603
 (311,166)     0.1832
 (313,166)     0.3226
  (67,167)     0.0607
  (99,167)     0.0305
 (105,167)     0.0306
 (109,167)     0.0819
 (112,167)     0.0282
 (118,167)     0.0231
 (123,167)     0.0211
 (131,167)     0.0278
 (139,167)     0.0272
 (146,167)     0.0641
 (147,167)     0.0625
 (150,167)     0.0643
 (152,167)     0.0318
 (159,167)     0.0175
 (161,167)     0.0108
 (162,167)     0.0563
 (166,167)     0.0947
 (172,167)     0.0431
 (174,167)     0.0493
 (176,167)     0.0105
 (179,167)     0.0478
 (182,167)     0.0227
 (189,167)     0.0150
 (191,167)     0.0172
 (201,167)     0.1848
 (217,167)     0.0344
 (219,167)     0.1510
 (230,167)     0.0509
 (232,167)     0.0484
 (248,167)     0.1726
 (255,167)     0.0588
 (258,167)     0.1441
 (261,167)     0.0851
 (292,167)     0.0951
 (293,167)     0.1038
 (299,167)     0.1108
 (301,167)     0.1138
 (302,167)     0.1143
 (307,167)     0.1280
 (310,167)     0.1341
 (311,167)     0.1365
 (118,168)     0.0993
 (144,168)     0.0280
 (146,168)     0.1686
 (166,168)     0.0104
 (248,168)     0.0800
 (258,168)     0.0647
 (261,168)     0.0818
  (47,169)     0.0770
  (65,169)     0.0600
 (118,169)     0.1640
 (144,169)     0.0416
 (166,169)     0.0758
 (183,169)     0.0120
 (197,169)     0.0211
 (201,169)     0.0222
 (203,169)     0.0232
 (213,169)     0.0260
 (219,169)     0.0402
 (246,169)     0.0532
 (248,169)     0.0536
 (258,169)     0.0701
 (261,169)     0.1319
 (263,169)     0.0659
 (109,170)     0.0332
 (112,170)     0.0519
 (125,170)     0.0270
 (131,170)     0.0415
 (143,170)     0.0148
 (152,170)     0.0305
 (154,171)     0.0128
 (155,171)     0.0094
 (158,171)     0.0074
  (47,172)     0.1606
  (67,172)     0.0540
  (94,172)     0.0492
 (112,172)     0.0643
 (118,172)     0.0431
 (123,172)     0.0427
 (131,172)     0.0685
 (133,172)     0.0201
 (142,172)     0.1083
 (144,172)     0.0890
 (146,172)     0.1071
 (147,172)     0.1055
 (152,172)     0.0747
 (162,172)     0.0994
 (166,172)     0.0520
 (167,172)     0.0431
 (174,172)     0.0919
 (176,172)     0.0513
 (179,172)     0.0901
 (182,172)     0.0228
 (198,172)     0.0209
 (201,172)     0.1417
 (216,172)     0.0302
 (217,172)     0.0509
 (219,172)     0.1085
 (225,172)     0.0401
 (230,172)     0.0802
 (232,172)     0.0472
 (248,172)     0.1310
 (255,172)     0.0752
 (258,172)     0.1044
 (261,172)     0.0623
 (263,172)     0.1305
 (293,172)     0.0891
 (299,172)     0.1243
 (118,173)     0.1001
 (166,173)     0.0114
 (248,173)     0.0774
 (261,173)     0.0786
  (67,174)     0.1004
  (89,174)     0.0386
  (91,174)     0.0380
  (92,174)     0.0377
  (95,174)     0.0375
 (101,174)     0.0372
 (109,174)     0.0420
 (112,174)     0.0448
 (113,174)     0.0292
 (118,174)     0.0632
 (119,174)     0.0333
 (125,174)     0.0362
 (131,174)     0.0340
 (132,174)     0.0212
 (143,174)     0.0239
 (146,174)     0.0209
 (147,174)     0.0193
 (150,174)     0.0203
 (152,174)     0.0221
 (159,174)     0.0327
 (161,174)     0.0390
 (162,174)     0.0099
 (166,174)     0.1438
 (167,174)     0.0493
 (172,174)     0.0919
 (176,174)     0.0407
 (177,174)     0.0046
 (182,174)     0.0698
 (201,174)     0.2332
 (202,174)     0.0162
 (204,174)     0.0243
 (212,174)     0.0219
 (217,174)     0.0587
 (218,174)     0.0338
 (219,174)     0.1982
 (221,174)     0.0333
 (230,174)     0.0436
 (248,174)     0.2183
 (255,174)     0.0659
 (258,174)     0.1882
 (261,174)     0.1198
 (273,174)     0.0712
 (284,174)     0.0867
 (292,174)     0.1117
 (293,174)     0.1294
 (299,174)     0.1053
 (301,174)     0.1111
 (305,174)     0.1164
 (306,174)     0.1206
 (307,174)     0.1234
 (310,174)     0.1264
 (311,174)     0.1291
 (321,174)     0.2054
 (166,175)     0.0195
  (47,176)     0.2078
  (65,176)     0.2031
  (67,176)     0.0708
  (80,176)     0.0853
  (91,176)     0.0527
  (92,176)     0.0584
  (94,176)     0.0408
  (95,176)     0.0479
  (99,176)     0.0370
 (101,176)     0.0657
 (109,176)     0.0765
 (112,176)     0.0310
 (118,176)     0.0325
 (119,176)     0.0670
 (126,176)     0.0268
 (131,176)     0.0267
 (137,176)     0.0187
 (144,176)     0.1401
 (146,176)     0.0574
 (147,176)     0.0558
 (150,176)     0.0574
 (152,176)     0.0265
 (159,176)     0.0128
 (162,176)     0.0486
 (166,176)     0.1032
 (167,176)     0.0105
 (172,176)     0.0513
 (174,176)     0.0407
 (179,176)     0.0388
 (182,176)     0.0291
 (189,176)     0.0100
 (192,176)     0.0096
 (201,176)     0.1925
 (202,176)     0.0402
 (212,176)     0.0478
 (217,176)     0.0297
 (218,176)     0.0371
 (219,176)     0.1579
 (221,176)     0.0426
 (222,176)     0.0311
 (230,176)     0.0412
 (232,176)     0.0468
 (233,176)     0.1182
 (239,176)     0.0564
 (248,176)     0.1786
 (255,176)     0.0516
 (256,176)     0.0535
 (258,176)     0.1493
 (261,176)     0.0862
 (263,176)     0.1762
 (271,176)     0.0701
 (284,176)     0.0831
 (292,176)     0.0911
 (296,176)     0.1048
 (299,176)     0.1028
 (301,176)     0.1064
 (305,176)     0.1118
 (306,176)     0.1204
 (307,176)     0.1204
 (310,176)     0.1261
 (311,176)     0.1285
  (47,177)     0.2424
  (67,177)     0.0983
  (72,177)     0.0572
  (80,177)     0.0579
  (91,177)     0.0399
  (95,177)     0.0387
  (96,177)     0.0489
 (109,177)     0.0464
 (112,177)     0.0434
 (118,177)     0.0606
 (119,177)     0.0375
 (125,177)     0.0406
 (131,177)     0.0325
 (139,177)     0.0277
 (141,177)     0.0183
 (144,177)     0.1767
 (146,177)     0.0253
 (147,177)     0.0237
 (150,177)     0.0247
 (152,177)     0.0204
 (157,177)     0.0125
 (162,177)     0.0144
 (166,177)     0.1399
 (174,177)     0.0046
 (179,177)     0.0022
 (182,177)     0.0657
 (190,177)     0.0092
 (201,177)     0.2290
 (202,177)     0.0137
 (204,177)     0.0200
 (212,177)     0.0206
 (218,177)     0.0300
 (230,177)     0.0398
 (240,177)     0.0627
 (248,177)     0.2139
 (255,177)     0.0618
 (258,177)     0.1837
 (260,177)     0.0592
 (261,177)     0.1152
 (263,177)     0.2108
 (273,177)     0.0678
 (292,177)     0.1075
 (293,177)     0.1250
 (299,177)     0.1023
 (301,177)     0.1079
 (310,177)     0.1238
 (311,177)     0.1264
 (321,177)     0.2044
 (201,178)     0.0171
  (67,179)     0.1005
  (91,179)     0.0408
  (92,179)     0.0409
  (94,179)     0.0677
  (95,179)     0.0399
 (101,179)     0.0407
 (109,179)     0.0455
 (112,179)     0.0454
 (118,179)     0.0628
 (119,179)     0.0368
 (123,179)     0.0613
 (125,179)     0.0396
 (131,179)     0.0346
 (146,179)     0.0244
 (147,179)     0.0229
 (150,179)     0.0238
 (152,179)     0.0225
 (159,179)     0.0317
 (161,179)     0.0378
 (162,179)     0.0134
 (167,179)     0.0478
 (172,179)     0.0901
 (176,179)     0.0388
 (177,179)     0.0022
 (182,179)     0.0678
 (189,179)     0.0448
 (217,179)     0.0556
 (218,179)     0.0302
 (221,179)     0.0299
 (230,179)     0.0401
 (232,179)     0.0753
 (255,179)     0.0624
 (260,179)     0.0589
 (261,179)     0.1167
 (292,179)     0.1082
 (293,179)     0.1260
 (299,179)     0.1019
 (301,179)     0.1077
 (306,179)     0.1173
 (307,179)     0.1201
 (310,179)     0.1232
 (311,179)     0.1259
 (182,180)     0.0095
 (118,181)     0.0907
 (144,181)     0.0416
 (166,181)     0.0094
 (182,181)     0.0730
 (188,181)     0.0050
 (219,181)     0.0593
 (258,181)     0.0634
 (261,181)     0.0687
  (47,182)     0.1826
  (67,182)     0.0604
  (82,182)     0.0564
  (90,182)     0.0422
  (92,182)     0.0837
  (94,182)     0.0420
 (102,182)     0.0378
 (105,182)     0.0512
 (106,182)     0.0465
 (109,182)     0.1045
 (112,182)     0.0487
 (118,182)     0.0332
 (119,182)     0.0950
 (120,182)     0.0307
 (123,182)     0.0319
 (126,182)     0.0349
 (128,182)     0.0315
 (130,182)     0.0258
 (131,182)     0.0502
 (133,182)     0.0373
 (140,182)     0.0382
 (144,182)     0.1118
 (145,182)     0.0198
 (146,182)     0.0862
 (147,182)     0.0845
 (148,182)     0.0186
 (150,182)     0.0863
 (152,182)     0.0542
 (154,182)     0.0180
 (158,182)     0.0162
 (159,182)     0.0398
 (160,182)     0.0122
 (161,182)     0.0332
 (162,182)     0.0777
 (163,182)     0.0110
 (164,182)     0.0128
 (166,182)     0.0746
 (167,182)     0.0227
 (172,182)     0.0228
 (174,182)     0.0698
 (176,182)     0.0291
 (177,182)     0.0657
 (179,182)     0.0678
 (180,182)     0.0095
 (181,182)     0.0730
 (189,182)     0.0241
 (191,182)     0.0159
 (192,182)     0.0301
 (195,182)     0.0118
 (196,182)     0.0133
 (198,182)     0.0375
 (201,182)     0.1634
 (203,182)     0.1613
 (206,182)     0.0211
 (207,182)     0.0151
 (209,182)     0.0261
 (211,182)     0.0181
 (212,182)     0.0743
 (216,182)     0.0373
 (217,182)     0.0313
 (219,182)     0.1288
 (220,182)     0.0327
 (221,182)     0.0650
 (222,182)     0.0429
 (225,182)     0.0489
 (226,182)     0.0385
 (230,182)     0.0586
 (232,182)     0.0355
 (233,182)     0.0901
 (239,182)     0.0396
 (246,182)     0.1458
 (248,182)     0.1500
 (250,182)     0.1413
 (253,182)     0.1483
 (255,182)     0.0574
 (256,182)     0.0529
 (258,182)     0.1214
 (261,182)     0.0655
 (263,182)     0.1482
 (274,182)     0.1225
 (284,182)     0.0904
 (292,182)     0.0837
 (293,182)     0.0876
 (296,182)     0.0905
 (297,182)     0.0973
 (299,182)     0.1088
 (301,182)     0.1105
 (305,182)     0.1155
 (306,182)     0.1266
 (307,182)     0.1246
 (310,182)     0.1319
 (311,182)     0.1340
 (313,182)     0.3823
 (321,182)     0.2303
  (47,183)     0.0836
  (65,183)     0.0660
  (67,183)     0.1562
 (118,183)     0.1744
 (138,183)     0.0253
 (144,183)     0.0529
 (152,183)     0.2114
 (166,183)     0.0857
 (169,183)     0.0120
 (197,183)     0.0099
 (201,183)     0.0110
 (203,183)     0.0129
 (213,183)     0.0208
 (219,183)     0.0412
 (224,183)     0.0338
 (245,183)     0.0461
 (246,183)     0.0489
 (248,183)     0.0483
 (253,183)     0.0516
 (258,183)     0.0701
 (261,183)     0.1369
 (263,183)     0.0613
 (293,183)     0.1575
 (166,184)     0.0158
 (255,184)     0.1237
 (261,184)     0.0738
 (293,184)     0.1008
 (201,185)     0.0088
 (118,186)     0.0471
 (152,186)     0.0214
 (192,186)     0.0156
 (230,186)     0.0304
 (152,187)     0.0235
 (181,188)     0.0050
  (67,189)     0.0745
 (112,189)     0.0405
 (118,189)     0.0379
 (131,189)     0.0367
 (146,189)     0.0654
 (152,189)     0.0357
 (161,189)     0.0183
 (167,189)     0.0150
 (176,189)     0.0100
 (179,189)     0.0448
 (182,189)     0.0241
 (192,189)     0.0059
 (217,189)     0.0202
 (230,189)     0.0374
 (232,189)     0.0369
 (255,189)     0.0438
 (256,189)     0.0444
 (261,189)     0.0765
 (177,190)     0.0092
 (202,190)     0.0083
 (230,190)     0.0307
 (118,191)     0.0376
 (152,191)     0.0439
 (161,191)     0.0245
 (167,191)     0.0172
 (182,191)     0.0159
 (118,192)     0.0412
 (152,192)     0.0323
 (176,192)     0.0096
 (182,192)     0.0301
 (186,192)     0.0156
 (189,192)     0.0059
 (204,192)     0.0246
 (217,192)     0.0211
 (222,192)     0.0215
 (255,192)     0.0420
 (201,193)     0.0063
 (221,194)     0.0207
 (182,195)     0.0118
 (207,195)     0.0058
 (182,196)     0.0133
  (47,197)     0.0929
  (65,197)     0.0752
  (67,197)     0.1629
 (118,197)     0.1795
 (144,197)     0.0599
 (166,197)     0.0905
 (169,197)     0.0211
 (183,197)     0.0099
 (201,197)     0.0011
 (213,197)     0.0156
 (219,197)     0.0392
 (245,197)     0.0389
 (246,197)     0.0422
 (248,197)     0.0410
 (250,197)     0.0472
 (251,197)     0.0427
 (253,197)     0.0445
 (258,197)     0.0662
 (261,197)     0.1363
 (263,197)     0.0541
 (118,198)     0.0637
 (142,198)     0.0983
 (152,198)     0.0917
 (166,198)     0.0431
 (172,198)     0.0209
 (182,198)     0.0375
 (206,198)     0.0210
 (216,198)     0.0159
 (219,198)     0.0915
 (232,198)     0.0453
 (258,198)     0.0845
 (261,198)     0.0455
 (201,199)     0.0072
 (213,199)     0.0103
 (213,200)     0.0093
   (8,201)     0.2654
  (45,201)     0.0986
  (47,201)     0.0938
  (65,201)     0.0761
  (67,201)     0.1639
  (74,201)     0.0637
  (75,201)     0.0622
  (83,201)     0.0649
  (94,201)     0.1827
 (108,201)     0.0455
 (109,201)     0.2655
 (112,201)     0.2035
 (118,201)     0.1804
 (124,201)     0.0408
 (131,201)     0.2095
 (138,201)     0.0333
 (144,201)     0.0609
 (147,201)     0.2472
 (150,201)     0.2491
 (151,201)     0.0276
 (152,201)     0.2163
 (162,201)     0.2410
 (165,201)     0.0210
 (166,201)     0.0914
 (167,201)     0.1848
 (169,201)     0.0222
 (172,201)     0.1417
 (174,201)     0.2332
 (176,201)     0.1925
 (177,201)     0.2290
 (178,201)     0.0171
 (182,201)     0.1634
 (183,201)     0.0110
 (185,201)     0.0088
 (193,201)     0.0063
 (197,201)     0.0011
 (199,201)     0.0072
 (203,201)     0.0033
 (205,201)     0.0099
 (213,201)     0.0157
 (214,201)     0.0103
 (217,201)     0.1823
 (219,201)     0.0395
 (224,201)     0.0268
 (228,201)     0.0244
 (230,201)     0.2122
 (232,201)     0.1667
 (233,201)     0.0839
 (236,201)     0.0278
 (242,201)     0.0331
 (245,201)     0.0385
 (246,201)     0.0419
 (248,201)     0.0406
 (250,201)     0.0470
 (251,201)     0.0423
 (253,201)     0.0441
 (255,201)     0.1969
 (258,201)     0.0662
 (261,201)     0.1367
 (263,201)     0.0536
 (276,201)     0.0986
 (292,201)     0.1790
 (293,201)     0.1558
 (299,201)     0.2268
 (311,201)     0.2423
 (313,201)     0.2389
 (316,201)     0.2359
 (318,201)     0.2421
 (109,202)     0.0565
 (112,202)     0.0545
 (118,202)     0.0688
 (146,202)     0.0358
 (147,202)     0.0344
 (150,202)     0.0349
 (152,202)     0.0321
 (162,202)     0.0250
 (174,202)     0.0162
 (176,202)     0.0402
 (177,202)     0.0137
 (190,202)     0.0083
 (204,202)     0.0136
 (212,202)     0.0082
 (217,202)     0.0495
 (221,202)     0.0173
 (230,202)     0.0287
 (255,202)     0.0517
 (261,202)     0.1097
  (47,203)     0.0963
  (65,203)     0.0787
  (67,203)     0.1630
 (109,203)     0.2638
 (112,203)     0.2019
 (118,203)     0.1788
 (144,203)     0.0603
 (153,203)     0.0806
 (166,203)     0.0898
 (169,203)     0.0232
 (182,203)     0.1613
 (183,203)     0.0129
 (201,203)     0.0033
 (219,203)     0.0366
 (245,203)     0.0353
 (246,203)     0.0386
 (248,203)     0.0373
 (250,203)     0.0436
 (251,203)     0.0390
 (253,203)     0.0408
 (258,203)     0.0629
 (261,203)     0.1338
 (263,203)     0.0504
 (288,203)     0.1407
 (293,203)     0.1527
 (311,203)     0.2392
 (118,204)     0.0600
 (174,204)     0.0243
 (177,204)     0.0200
 (192,204)     0.0246
 (202,204)     0.0136
 (218,204)     0.0118
 (230,204)     0.0208
 (201,205)     0.0099
 (213,205)     0.0064
 (166,206)     0.0634
 (182,206)     0.0211
 (198,206)     0.0210
 (209,206)     0.0058
 (239,206)     0.0247
 (261,206)     0.0456
 (182,207)     0.0151
 (195,207)     0.0058
 (258,208)     0.0416
 (182,209)     0.0261
 (206,209)     0.0058
 (152,210)     0.0373
 (182,211)     0.0181
 (109,212)     0.0586
 (112,212)     0.0626
 (118,212)     0.0769
 (131,212)     0.0519
 (146,212)     0.0390
 (147,212)     0.0378
 (150,212)     0.0379
 (152,212)     0.0400
 (162,212)     0.0289
 (174,212)     0.0219
 (176,212)     0.0478
 (177,212)     0.0206
 (182,212)     0.0743
 (202,212)     0.0082
 (217,212)     0.0539
 (221,212)     0.0164
 (230,212)     0.0290
 (255,212)     0.0521
 (261,212)     0.1128
 (144,213)     0.0549
 (166,213)     0.0808
 (169,213)     0.0260
 (183,213)     0.0208
 (197,213)     0.0156
 (199,213)     0.0103
 (200,213)     0.0093
 (201,213)     0.0157
 (205,213)     0.0064
 (245,213)     0.0255
 (246,213)     0.0282
 (248,213)     0.0279
 (253,213)     0.0311
 (261,213)     0.1213
 (263,213)     0.0407
 (201,214)     0.0103
 (248,214)     0.0308
 (152,215)     0.0400
 (230,215)     0.0141
 (255,215)     0.0289
 (118,216)     0.0686
 (142,216)     0.1105
 (144,216)     0.0929
 (166,216)     0.0572
 (172,216)     0.0302
 (182,216)     0.0373
 (198,216)     0.0159
 (225,216)     0.0116
 (232,216)     0.0320
 (239,216)     0.0234
 (255,216)     0.0633
 (258,216)     0.0862
 (261,216)     0.0321
 (262,216)     0.0324
 (293,216)     0.0595
 (296,216)     0.0627
  (67,217)     0.0900
  (94,217)     0.0655
 (109,217)     0.0997
 (112,217)     0.0606
 (118,217)     0.0562
 (119,217)     0.0904
 (123,217)     0.0544
 (126,217)     0.0533
 (131,217)     0.0562
 (146,217)     0.0790
 (147,217)     0.0773
 (152,217)     0.0531
 (159,217)     0.0417
 (162,217)     0.0684
 (166,217)     0.0991
 (167,217)     0.0344
 (172,217)     0.0509
 (174,217)     0.0587
 (176,217)     0.0297
 (179,217)     0.0556
 (182,217)     0.0313
 (189,217)     0.0202
 (192,217)     0.0211
 (201,217)     0.1823
 (202,217)     0.0495
 (212,217)     0.0539
 (218,217)     0.0344
 (219,217)     0.1450
 (221,217)     0.0403
 (222,217)     0.0140
 (230,217)     0.0305
 (232,217)     0.0197
 (239,217)     0.0312
 (240,217)     0.0142
 (248,217)     0.1628
 (255,217)     0.0263
 (256,217)     0.0245
 (258,217)     0.1315
 (261,217)     0.0611
 (263,217)     0.1586
 (271,217)     0.0404
 (281,217)     0.0525
 (283,217)     0.0580
 (284,217)     0.0595
 (286,217)     0.0541
 (292,217)     0.0614
 (293,217)     0.0734
 (296,217)     0.0758
 (297,217)     0.0870
 (299,217)     0.0784
 (301,217)     0.0807
 (306,217)     0.0963
 (307,217)     0.0950
 (310,217)     0.1017
 (311,217)     0.1039
 (321,217)     0.1991
 (118,218)     0.0693
 (146,218)     0.0543
 (147,218)     0.0528
 (152,218)     0.0420
 (162,218)     0.0433
 (174,218)     0.0338
 (176,218)     0.0371
 (177,218)     0.0300
 (179,218)     0.0302
 (204,218)     0.0118
 (217,218)     0.0344
 (221,218)     0.0062
 (230,218)     0.0099
 (235,218)     0.0118
 (249,218)     0.0215
 (255,218)     0.0327
 (261,218)     0.0923
 (299,218)     0.0735
  (47,219)     0.1144
  (65,219)     0.0984
  (67,219)     0.1399
  (94,219)     0.1535
 (109,219)     0.2328
 (112,219)     0.1723
 (118,219)     0.1498
 (123,219)     0.1499
 (131,219)     0.1771
 (133,219)     0.1101
 (144,219)     0.0477
 (147,219)     0.2134
 (150,219)     0.2151
 (152,219)     0.1828
 (159,219)     0.1685
 (162,219)     0.2065
 (166,219)     0.0631
 (167,219)     0.1510
 (169,219)     0.0402
 (172,219)     0.1085
 (174,219)     0.1982
 (176,219)     0.1579
 (181,219)     0.0593
 (182,219)     0.1288
 (183,219)     0.0412
 (197,219)     0.0392
 (198,219)     0.0915
 (201,219)     0.0395
 (203,219)     0.0366
 (217,219)     0.1450
 (230,219)     0.1744
 (232,219)     0.1286
 (233,219)     0.0446
 (245,219)     0.0243
 (246,219)     0.0230
 (248,219)     0.0263
 (250,219)     0.0227
 (253,219)     0.0268
 (255,219)     0.1582
 (258,219)     0.0299
 (261,219)     0.0972
 (263,219)     0.0336
 (274,219)     0.0436
 (276,219)     0.0606
 (293,219)     0.1165
 (297,219)     0.1056
 (299,219)     0.1873
 (301,219)     0.1834
 (313,219)     0.2595
 (182,220)     0.0327
 (226,220)     0.0064
 (261,220)     0.0331
  (91,221)     0.0694
  (92,221)     0.0704
  (95,221)     0.0675
 (101,221)     0.0704
 (109,221)     0.0736
 (112,221)     0.0649
 (118,221)     0.0745
 (119,221)     0.0657
 (125,221)     0.0673
 (129,221)     0.0589
 (131,221)     0.0552
 (143,221)     0.0552
 (146,221)     0.0531
 (147,221)     0.0517
 (149,221)     0.0487
 (150,221)     0.0522
 (152,221)     0.0447
 (157,221)     0.0426
 (162,221)     0.0423
 (174,221)     0.0333
 (176,221)     0.0426
 (179,221)     0.0299
 (182,221)     0.0650
 (194,221)     0.0207
 (202,221)     0.0173
 (212,221)     0.0164
 (217,221)     0.0403
 (218,221)     0.0062
 (230,221)     0.0127
 (237,221)     0.0197
 (243,221)     0.0159
 (249,221)     0.0219
 (252,221)     0.0210
 (255,221)     0.0357
 (260,221)     0.0291
 (261,221)     0.0972
 (273,221)     0.0379
 (284,221)     0.0535
 (298,221)     0.0650
 (299,221)     0.0722
 (300,221)     0.0749
 (301,221)     0.0779
 (305,221)     0.0832
 (306,221)     0.0880
 (307,221)     0.0905
 (310,221)     0.0940
 (311,221)     0.0966
 (321,221)     0.1789
 (322,221)     0.1818
 (325,221)     0.1877
 (118,222)     0.0622
 (152,222)     0.0486
 (176,222)     0.0311
 (182,222)     0.0429
 (192,222)     0.0215
 (217,222)     0.0140
 (230,222)     0.0165
 (232,222)     0.0314
 (255,222)     0.0208
 (261,222)     0.0720
 (230,223)     0.0084
 (255,223)     0.0196
 (183,224)     0.0338
 (201,224)     0.0268
 (242,224)     0.0104
 (261,224)     0.1148
 (118,225)     0.0800
 (142,225)     0.1062
 (144,225)     0.0895
 (166,225)     0.0560
 (172,225)     0.0401
 (182,225)     0.0489
 (216,225)     0.0116
 (232,225)     0.0389
 (255,225)     0.0691
 (258,225)     0.0757
 (261,225)     0.0241
 (262,225)     0.0246
 (293,225)     0.0530
 (296,225)     0.0562
 (182,226)     0.0385
 (220,226)     0.0064
 (261,226)     0.0271
 (230,227)     0.0170
 (201,228)     0.0244
 (236,228)     0.0033
 (118,229)     0.0955
 (142,229)     0.0895
 (233,229)     0.0251
 (254,229)     0.0148
 (261,229)     0.0325
 (262,229)     0.0335
 (274,229)     0.0555
  (47,230)     0.2408
  (67,230)     0.1115
  (91,230)     0.0773
  (92,230)     0.0793
  (94,230)     0.0819
  (95,230)     0.0747
 (101,230)     0.0807
 (109,230)     0.0851
 (112,230)     0.0680
 (118,230)     0.0737
 (119,230)     0.0768
 (125,230)     0.0789
 (131,230)     0.0594
 (132,230)     0.0643
 (139,230)     0.0546
 (143,230)     0.0666
 (146,230)     0.0642
 (147,230)     0.0627
 (149,230)     0.0590
 (150,230)     0.0634
 (152,230)     0.0505
 (157,230)     0.0521
 (159,230)     0.0468
 (161,230)     0.0478
 (162,230)     0.0532
 (166,230)     0.1295
 (167,230)     0.0509
 (172,230)     0.0802
 (174,230)     0.0436
 (176,230)     0.0412
 (177,230)     0.0398
 (179,230)     0.0401
 (182,230)     0.0586
 (186,230)     0.0304
 (189,230)     0.0374
 (190,230)     0.0307
 (201,230)     0.2122
 (202,230)     0.0287
 (204,230)     0.0208
 (212,230)     0.0290
 (215,230)     0.0141
 (217,230)     0.0305
 (218,230)     0.0099
 (219,230)     0.1744
 (221,230)     0.0127
 (222,230)     0.0165
 (223,230)     0.0084
 (227,230)     0.0170
 (232,230)     0.0460
 (234,230)     0.0217
 (235,230)     0.0108
 (237,230)     0.0071
 (238,230)     0.0174
 (239,230)     0.0576
 (240,230)     0.0301
 (243,230)     0.0179
 (248,230)     0.1911
 (249,230)     0.0122
 (252,230)     0.0179
 (255,230)     0.0232
 (256,230)     0.0335
 (258,230)     0.1591
 (259,230)     0.0184
 (260,230)     0.0226
 (261,230)     0.0849
 (263,230)     0.1860
 (272,230)     0.0393
 (273,230)     0.0295
 (281,230)     0.0569
 (284,230)     0.0453
 (286,230)     0.0553
 (287,230)     0.0491
 (288,230)     0.0974
 (292,230)     0.0688
 (293,230)     0.0887
 (295,230)     0.0532
 (297,230)     0.1044
 (298,230)     0.0577
 (299,230)     0.0648
 (300,230)     0.0680
 (301,230)     0.0697
 (305,230)     0.0751
 (306,230)     0.0816
 (307,230)     0.0830
 (310,230)     0.0875
 (311,230)     0.0901
 (321,230)     0.1774
 (258,231)     0.0164
  (47,232)     0.2028
  (67,232)     0.0954
  (94,232)     0.0762
 (109,232)     0.1193
 (112,232)     0.0764
 (118,232)     0.0670
 (133,232)     0.0669
 (146,232)     0.0987
 (147,232)     0.0970
 (152,232)     0.0719
 (162,232)     0.0881
 (166,232)     0.0883
 (167,232)     0.0484
 (172,232)     0.0472
 (176,232)     0.0468
 (179,232)     0.0753
 (182,232)     0.0355
 (189,232)     0.0369
 (198,232)     0.0453
 (201,232)     0.1667
 (216,232)     0.0320
 (217,232)     0.0197
 (219,232)     0.1286
 (222,232)     0.0314
 (225,232)     0.0389
 (230,232)     0.0460
 (239,232)     0.0118
 (240,232)     0.0169
 (248,232)     0.1451
 (255,232)     0.0313
 (256,232)     0.0218
 (258,232)     0.1133
 (261,232)     0.0414
 (283,232)     0.0435
 (285,232)     0.0470
 (288,232)     0.0600
 (292,232)     0.0483
 (296,232)     0.0582
 (297,232)     0.0681
 (299,232)     0.0771
 (301,232)     0.0775
 (307,232)     0.0915
 (310,232)     0.0994
 (311,232)     0.1013
  (67,233)     0.1163
 (118,233)     0.1161
 (142,233)     0.0724
 (144,233)     0.0613
 (152,233)     0.1441
 (166,233)     0.0461
 (176,233)     0.1182
 (182,233)     0.0901
 (201,233)     0.0839
 (219,233)     0.0446
 (229,233)     0.0251
 (248,233)     0.0609
 (254,233)     0.0277
 (255,233)     0.1138
 (258,233)     0.0315
 (261,233)     0.0529
 (262,233)     0.0539
 (263,233)     0.0581
 (274,233)     0.0355
 (275,233)     0.0372
 (276,233)     0.0309
 (293,233)     0.0750
 (296,233)     0.0773
 (230,234)     0.0217
 (255,234)     0.0139
 (218,235)     0.0118
 (230,235)     0.0108
 (201,236)     0.0278
 (228,236)     0.0033
 (146,237)     0.0704
 (162,237)     0.0593
 (221,237)     0.0197
 (230,237)     0.0071
 (255,237)     0.0165
 (230,238)     0.0174
 (176,239)     0.0564
 (182,239)     0.0396
 (206,239)     0.0247
 (216,239)     0.0234
 (217,239)     0.0312
 (230,239)     0.0576
 (232,239)     0.0118
 (255,239)     0.0410
 (261,239)     0.0302
 (262,239)     0.0297
 (118,240)     0.0703
 (177,240)     0.0627
 (217,240)     0.0142
 (230,240)     0.0301
 (232,240)     0.0169
 (255,240)     0.0152
 (256,240)     0.0103
 (261,240)     0.0549
 (261,241)     0.0175
 (166,242)     0.0917
 (201,242)     0.0331
 (224,242)     0.0104
 (245,242)     0.0078
 (248,242)     0.0087
 (251,242)     0.0104
 (261,242)     0.1170
 (162,243)     0.0552
 (221,243)     0.0159
 (230,243)     0.0179
 (248,244)     0.0048
  (47,245)     0.1281
  (65,245)     0.1109
 (144,245)     0.0708
 (166,245)     0.0869
 (183,245)     0.0461
 (197,245)     0.0389
 (201,245)     0.0385
 (203,245)     0.0353
 (213,245)     0.0255
 (219,245)     0.0243
 (242,245)     0.0078
 (246,245)     0.0041
 (248,245)     0.0025
 (253,245)     0.0056
 (258,245)     0.0331
 (261,245)     0.1093
 (263,245)     0.0152
  (47,246)     0.1301
  (65,246)     0.1131
  (67,246)     0.1617
 (118,246)     0.1691
 (144,246)     0.0704
 (166,246)     0.0847
 (169,246)     0.0532
 (182,246)     0.1458
 (183,246)     0.0489
 (197,246)     0.0422
 (201,246)     0.0419
 (203,246)     0.0386
 (213,246)     0.0282
 (219,246)     0.0230
 (245,246)     0.0041
 (250,246)     0.0059
 (253,246)     0.0039
 (255,246)     0.1689
 (258,246)     0.0290
 (261,246)     0.1053
 (263,246)     0.0128
 (293,246)     0.1198
 (313,246)     0.2387
 (261,247)     0.0128
   (8,248)     0.3059
  (47,248)     0.1305
  (65,248)     0.1133
  (67,248)     0.1655
  (83,248)     0.0927
  (94,248)     0.1776
 (109,248)     0.2545
 (112,248)     0.1952
 (118,248)     0.1733
 (131,248)     0.1993
 (144,248)     0.0731
 (147,248)     0.2344
 (150,248)     0.2360
 (152,248)     0.2042
 (153,248)     0.0845
 (159,248)     0.1898
 (161,248)     0.1832
 (162,248)     0.2270
 (166,248)     0.0886
 (167,248)     0.1726
 (168,248)     0.0800
 (169,248)     0.0536
 (172,248)     0.1310
 (173,248)     0.0774
 (174,248)     0.2183
 (176,248)     0.1786
 (177,248)     0.2139
 (182,248)     0.1500
 (183,248)     0.0483
 (197,248)     0.0410
 (201,248)     0.0406
 (203,248)     0.0373
 (213,248)     0.0279
 (214,248)     0.0308
 (217,248)     0.1628
 (219,248)     0.0263
 (230,248)     0.1911
 (232,248)     0.1451
 (233,248)     0.0609
 (242,248)     0.0087
 (244,248)     0.0048
 (245,248)     0.0025
 (250,248)     0.0097
 (253,248)     0.0037
 (255,248)     0.1730
 (258,248)     0.0329
 (261,248)     0.1093
 (263,248)     0.0131
 (274,248)     0.0418
 (276,248)     0.0645
 (292,248)     0.1482
 (293,248)     0.1233
 (299,248)     0.1961
 (301,248)     0.1914
 (311,248)     0.2091
 (313,248)     0.2347
 (316,248)     0.2303
 (318,248)     0.2349
 (331,248)     0.5326
 (118,249)     0.0842
 (147,249)     0.0736
 (162,249)     0.0641
 (218,249)     0.0215
 (221,249)     0.0219
 (230,249)     0.0122
 (255,249)     0.0171
 (259,249)     0.0070
 (260,249)     0.0113
 (118,250)     0.1652
 (144,250)     0.0704
 (166,250)     0.0821
 (182,250)     0.1413
 (197,250)     0.0472
 (201,250)     0.0470
 (203,250)     0.0436
 (219,250)     0.0227
 (246,250)     0.0059
 (248,250)     0.0097
 (258,250)     0.0232
 (261,250)     0.0996
 (263,250)     0.0109
 (274,250)     0.0327
 (166,251)     0.0883
 (197,251)     0.0427
 (201,251)     0.0423
 (203,251)     0.0390
 (242,251)     0.0104
 (258,251)     0.0314
 (261,251)     0.1079
 (152,252)     0.0654
 (162,252)     0.0621
 (221,252)     0.0210
 (230,252)     0.0179
  (47,253)     0.1334
  (65,253)     0.1163
  (67,253)     0.1651
 (112,253)     0.1938
 (118,253)     0.1720
 (144,253)     0.0742
 (166,253)     0.0881
 (182,253)     0.1483
 (183,253)     0.0516
 (197,253)     0.0445
 (201,253)     0.0441
 (203,253)     0.0408
 (213,253)     0.0311
 (219,253)     0.0268
 (245,253)     0.0056
 (246,253)     0.0039
 (248,253)     0.0037
 (255,253)     0.1703
 (258,253)     0.0299
 (261,253)     0.1064
 (263,253)     0.0097
 (293,253)     0.1200
 (229,254)     0.0148
 (233,254)     0.0277
 (261,254)     0.0255
 (262,254)     0.0265
 (276,254)     0.0292
 (288,254)     0.0384
  (47,255)     0.2336
  (65,255)     0.2254
  (67,255)     0.1163
  (91,255)     0.0968
  (92,255)     0.0998
  (94,255)     0.0906
  (95,255)     0.0934
 (101,255)     0.1024
 (109,255)     0.1078
 (112,255)     0.0821
 (118,255)     0.0815
 (119,255)     0.0992
 (123,255)     0.0796
 (125,255)     0.1017
 (127,255)     0.0760
 (129,255)     0.0917
 (131,255)     0.0753
 (132,255)     0.0858
 (133,255)     0.0936
 (137,255)     0.0702
 (144,255)     0.1560
 (146,255)     0.0868
 (147,255)     0.0852
 (149,255)     0.0811
 (150,255)     0.0860
 (152,255)     0.0688
 (157,255)     0.0738
 (159,255)     0.0612
 (161,255)     0.0598
 (162,255)     0.0757
 (166,255)     0.1195
 (167,255)     0.0588
 (172,255)     0.0752
 (174,255)     0.0659
 (176,255)     0.0516
 (177,255)     0.0618
 (179,255)     0.0624
 (182,255)     0.0574
 (184,255)     0.1237
 (189,255)     0.0438
 (192,255)     0.0420
 (201,255)     0.1969
 (202,255)     0.0517
 (212,255)     0.0521
 (215,255)     0.0289
 (216,255)     0.0633
 (217,255)     0.0263
 (218,255)     0.0327
 (219,255)     0.1582
 (221,255)     0.0357
 (222,255)     0.0208
 (223,255)     0.0196
 (225,255)     0.0691
 (230,255)     0.0232
 (232,255)     0.0313
 (233,255)     0.1138
 (234,255)     0.0139
 (237,255)     0.0165
 (239,255)     0.0410
 (240,255)     0.0152
 (246,255)     0.1689
 (248,255)     0.1730
 (249,255)     0.0171
 (253,255)     0.1703
 (256,255)     0.0118
 (258,255)     0.1405
 (259,255)     0.0128
 (260,255)     0.0234
 (261,255)     0.0646
 (263,255)     0.1670
 (265,255)     0.0111
 (266,255)     0.0403
 (267,255)     0.0493
 (271,255)     0.0315
 (272,255)     0.0163
 (273,255)     0.0219
 (276,255)     0.1132
 (281,255)     0.0342
 (283,255)     0.0453
 (284,255)     0.0332
 (286,255)     0.0334
 (287,255)     0.0310
 (288,255)     0.0748
 (289,255)     0.0334
 (292,255)     0.0458
 (293,255)     0.0657
 (295,255)     0.0394
 (296,255)     0.0672
 (297,255)     0.0816
 (298,255)     0.0460
 (299,255)     0.0523
 (300,255)     0.0564
 (301,255)     0.0551
 (305,255)     0.0605
 (306,255)     0.0701
 (307,255)     0.0692
 (310,255)     0.0756
 (311,255)     0.0779
 (313,255)     0.3924
 (321,255)     0.1729
 (322,255)     0.1767
 (118,256)     0.0806
 (152,256)     0.0741
 (176,256)     0.0535
 (182,256)     0.0529
 (189,256)     0.0444
 (217,256)     0.0245
 (230,256)     0.0335
 (232,256)     0.0218
 (240,256)     0.0103
 (255,256)     0.0118
 (261,256)     0.0528
 (267,256)     0.0377
 (271,256)     0.0208
 (272,256)     0.0122
 (292,256)     0.0385
 (296,256)     0.0574
 (299,256)     0.0563
 (261,257)     0.0164
  (47,258)     0.1437
  (65,258)     0.1280
  (67,258)     0.1454
  (94,258)     0.1528
 (109,258)     0.2256
 (112,258)     0.1684
 (118,258)     0.1474
 (120,258)     0.1312
 (128,258)     0.1214
 (130,258)     0.1336
 (131,258)     0.1715
 (133,258)     0.1113
 (144,258)     0.0702
 (147,258)     0.2049
 (150,258)     0.2065
 (152,258)     0.1754
 (159,258)     0.1610
 (162,258)     0.1971
 (166,258)     0.0706
 (167,258)     0.1441
 (168,258)     0.0647
 (169,258)     0.0701
 (172,258)     0.1044
 (174,258)     0.1882
 (176,258)     0.1493
 (177,258)     0.1837
 (181,258)     0.0634
 (182,258)     0.1214
 (183,258)     0.0701
 (197,258)     0.0662
 (198,258)     0.0845
 (201,258)     0.0662
 (203,258)     0.0629
 (208,258)     0.0416
 (216,258)     0.0862
 (217,258)     0.1315
 (219,258)     0.0299
 (225,258)     0.0757
 (230,258)     0.1591
 (231,258)     0.0164
 (232,258)     0.1133
 (233,258)     0.0315
 (245,258)     0.0331
 (246,258)     0.0290
 (248,258)     0.0329
 (250,258)     0.0232
 (251,258)     0.0314
 (253,258)     0.0299
 (255,258)     0.1405
 (261,258)     0.0765
 (263,258)     0.0271
 (264,258)     0.0151
 (274,258)     0.0137
 (276,258)     0.0327
 (288,258)     0.0788
 (293,258)     0.0911
 (296,258)     0.0926
 (297,258)     0.0784
 (299,258)     0.1635
 (313,258)     0.2609
 (230,259)     0.0184
 (249,259)     0.0070
 (255,259)     0.0128
 (273,259)     0.0125
 (118,260)     0.0955
 (146,260)     0.0815
 (147,260)     0.0802
 (177,260)     0.0592
 (179,260)     0.0589
 (221,260)     0.0291
 (230,260)     0.0226
 (249,260)     0.0113
 (255,260)     0.0234
 (273,260)     0.0095
 (284,260)     0.0245
  (47,261)     0.1894
  (65,261)     0.1779
  (67,261)     0.1162
  (81,261)     0.1239
  (85,261)     0.1272
  (94,261)     0.1068
 (109,261)     0.1605
 (112,261)     0.1131
 (118,261)     0.0985
 (119,261)     0.1511
 (123,261)     0.0973
 (128,261)     0.0844
 (131,261)     0.1123
 (133,261)     0.0806
 (142,261)     0.1219
 (144,261)     0.1071
 (146,261)     0.1400
 (147,261)     0.1383
 (150,261)     0.1396
 (152,261)     0.1122
 (153,261)     0.0892
 (159,261)     0.0990
 (161,261)     0.0936
 (162,261)     0.1295
 (166,261)     0.0770
 (167,261)     0.0851
 (168,261)     0.0818
 (169,261)     0.1319
 (172,261)     0.0623
 (173,261)     0.0786
 (174,261)     0.1198
 (176,261)     0.0862
 (177,261)     0.1152
 (179,261)     0.1167
 (181,261)     0.0687
 (182,261)     0.0655
 (183,261)     0.1369
 (184,261)     0.0738
 (189,261)     0.0765
 (197,261)     0.1363
 (198,261)     0.0455
 (201,261)     0.1367
 (202,261)     0.1097
 (203,261)     0.1338
 (206,261)     0.0456
 (212,261)     0.1128
 (213,261)     0.1213
 (216,261)     0.0321
 (217,261)     0.0611
 (218,261)     0.0923
 (219,261)     0.0972
 (220,261)     0.0331
 (221,261)     0.0972
 (222,261)     0.0720
 (224,261)     0.1148
 (225,261)     0.0241
 (226,261)     0.0271
 (229,261)     0.0325
 (230,261)     0.0849
 (232,261)     0.0414
 (233,261)     0.0529
 (239,261)     0.0302
 (240,261)     0.0549
 (241,261)     0.0175
 (242,261)     0.1170
 (245,261)     0.1093
 (246,261)     0.1053
 (247,261)     0.0128
 (248,261)     0.1093
 (250,261)     0.0996
 (251,261)     0.1079
 (253,261)     0.1064
 (254,261)     0.0255
 (255,261)     0.0646
 (256,261)     0.0528
 (257,261)     0.0164
 (258,261)     0.0765
 (263,261)     0.1026
 (266,261)     0.0257
 (267,261)     0.0169
 (268,261)     0.0143
 (269,261)     0.0127
 (270,261)     0.0097
 (271,261)     0.0358
 (273,261)     0.0809
 (274,261)     0.0712
 (275,261)     0.0278
 (276,261)     0.0487
 (277,261)     0.0122
 (278,261)     0.0280
 (279,261)     0.0229
 (280,261)     0.0176
 (281,261)     0.0495
 (282,261)     0.0223
 (283,261)     0.0375
 (284,261)     0.0815
 (286,261)     0.0553
 (288,261)     0.0250
 (290,261)     0.0363
 (291,261)     0.0328
 (292,261)     0.0442
 (293,261)     0.0291
 (294,261)     0.0320
 (296,261)     0.0323
 (297,261)     0.0329
 (299,261)     0.0907
 (301,261)     0.0876
 (303,261)     0.0490
 (304,261)     0.0526
 (305,261)     0.0905
 (306,261)     0.1047
 (307,261)     0.0987
 (308,261)     0.0638
 (309,261)     0.0645
 (310,261)     0.1079
 (311,261)     0.1090
 (313,261)     0.3292
 (321,261)     0.2098
 (216,262)     0.0324
 (225,262)     0.0246
 (229,262)     0.0335
 (233,262)     0.0539
 (239,262)     0.0297
 (254,262)     0.0265
 (275,262)     0.0286
 (276,262)     0.0495
 (288,262)     0.0248
 (292,262)     0.0433
 (293,262)     0.0285
 (296,262)     0.0316
 (297,262)     0.0327
  (47,263)     0.1429
  (65,263)     0.1259
  (67,263)     0.1685
  (94,263)     0.1782
 (112,263)     0.1947
 (118,263)     0.1733
 (144,263)     0.0813
 (150,263)     0.2335
 (152,263)     0.2023
 (166,263)     0.0919
 (169,263)     0.0659
 (172,263)     0.1305
 (176,263)     0.1762
 (177,263)     0.2108
 (182,263)     0.1482
 (183,263)     0.0613
 (197,263)     0.0541
 (201,263)     0.0536
 (203,263)     0.0504
 (213,263)     0.0407
 (217,263)     0.1586
 (219,263)     0.0336
 (230,263)     0.1860
 (233,263)     0.0581
 (245,263)     0.0152
 (246,263)     0.0128
 (248,263)     0.0131
 (250,263)     0.0109
 (253,263)     0.0097
 (255,263)     0.1670
 (258,263)     0.0271
 (261,263)     0.1026
 (276,263)     0.0557
 (293,263)     0.1143
 (311,263)     0.1993
 (313,263)     0.2344
 (258,264)     0.0151
 (255,265)     0.0111
 (255,266)     0.0403
 (261,266)     0.0257
 (267,266)     0.0091
 (271,266)     0.0102
 (272,266)     0.0289
 (281,266)     0.0261
 (286,266)     0.0315
 (255,267)     0.0493
 (256,267)     0.0377
 (261,267)     0.0169
 (266,267)     0.0091
 (271,267)     0.0191
 (281,267)     0.0330
 (283,267)     0.0228
 (261,268)     0.0143
 (261,269)     0.0127
 (270,269)     0.0035
 (261,270)     0.0097
 (269,270)     0.0035
 (176,271)     0.0701
 (217,271)     0.0404
 (255,271)     0.0315
 (256,271)     0.0208
 (261,271)     0.0358
 (266,271)     0.0102
 (267,271)     0.0191
 (281,271)     0.0180
 (283,271)     0.0177
 (230,272)     0.0393
 (255,272)     0.0163
 (256,272)     0.0122
 (266,272)     0.0289
 (283,272)     0.0295
 (109,273)     0.1108
 (118,273)     0.1001
 (123,273)     0.0981
 (147,273)     0.0893
 (162,273)     0.0800
 (174,273)     0.0712
 (177,273)     0.0678
 (221,273)     0.0379
 (230,273)     0.0295
 (255,273)     0.0219
 (259,273)     0.0125
 (260,273)     0.0095
 (261,273)     0.0809
 (284,273)     0.0158
 (299,273)     0.0353
 (322,273)     0.1556
 (325,273)     0.1612
  (67,274)     0.1518
 (118,274)     0.1504
 (144,274)     0.0830
 (166,274)     0.0794
 (182,274)     0.1225
 (219,274)     0.0436
 (229,274)     0.0555
 (233,274)     0.0355
 (248,274)     0.0418
 (250,274)     0.0327
 (258,274)     0.0137
 (261,274)     0.0712
 (293,274)     0.0820
 (233,275)     0.0372
 (261,275)     0.0278
 (262,275)     0.0286
 (276,275)     0.0213
 (288,275)     0.0278
 (296,275)     0.0415
 (118,276)     0.1353
 (166,276)     0.0766
 (201,276)     0.0986
 (219,276)     0.0606
 (233,276)     0.0309
 (248,276)     0.0645
 (254,276)     0.0292
 (255,276)     0.1132
 (258,276)     0.0327
 (261,276)     0.0487
 (262,276)     0.0495
 (263,276)     0.0557
 (275,276)     0.0213
 (288,276)     0.0465
 (293,276)     0.0588
 (296,276)     0.0601
 (297,276)     0.0458
 (261,277)     0.0122
 (261,278)     0.0280
 (261,279)     0.0229
 (261,280)     0.0176
 (217,281)     0.0525
 (230,281)     0.0569
 (255,281)     0.0342
 (261,281)     0.0495
 (266,281)     0.0261
 (267,281)     0.0330
 (271,281)     0.0180
 (283,281)     0.0149
 (286,281)     0.0058
 (293,281)     0.0368
 (261,282)     0.0223
 (217,283)     0.0580
 (232,283)     0.0435
 (255,283)     0.0453
 (261,283)     0.0375
 (267,283)     0.0228
 (271,283)     0.0177
 (272,283)     0.0295
 (281,283)     0.0149
 (293,283)     0.0220
 (118,284)     0.1142
 (146,284)     0.1060
 (147,284)     0.1047
 (152,284)     0.0958
 (162,284)     0.0954
 (174,284)     0.0867
 (176,284)     0.0831
 (182,284)     0.0904
 (217,284)     0.0595
 (221,284)     0.0535
 (230,284)     0.0453
 (255,284)     0.0332
 (260,284)     0.0245
 (261,284)     0.0815
 (273,284)     0.0158
 (286,284)     0.0280
 (293,284)     0.0698
 (298,284)     0.0130
 (299,284)     0.0198
 (300,284)     0.0235
 (306,284)     0.0373
 (311,284)     0.0455
 (232,285)     0.0470
 (217,286)     0.0541
 (230,286)     0.0553
 (255,286)     0.0334
 (261,286)     0.0553
 (266,286)     0.0315
 (281,286)     0.0058
 (284,286)     0.0280
 (293,286)     0.0419
 (299,286)     0.0357
 (301,286)     0.0337
 (230,287)     0.0491
 (255,287)     0.0310
 (299,287)     0.0244
 (301,287)     0.0250
 (311,287)     0.0486
 (118,288)     0.1222
 (152,288)     0.1319
 (162,288)     0.1465
 (166,288)     0.0977
 (203,288)     0.1407
 (230,288)     0.0974
 (232,288)     0.0600
 (254,288)     0.0384
 (255,288)     0.0748
 (258,288)     0.0788
 (261,288)     0.0250
 (262,288)     0.0248
 (275,288)     0.0278
 (276,288)     0.0465
 (293,288)     0.0124
 (296,288)     0.0138
 (297,288)     0.0083
 (308,288)     0.0389
 (255,289)     0.0334
 (261,290)     0.0363
 (293,290)     0.0172
 (261,291)     0.0328
  (67,292)     0.1431
 (112,292)     0.1220
 (118,292)     0.1151
 (131,292)     0.1172
 (144,292)     0.1512
 (146,292)     0.1326
 (147,292)     0.1310
 (150,292)     0.1318
 (152,292)     0.1126
 (162,292)     0.1215
 (166,292)     0.1196
 (167,292)     0.0951
 (174,292)     0.1117
 (176,292)     0.0911
 (177,292)     0.1075
 (179,292)     0.1082
 (182,292)     0.0837
 (201,292)     0.1790
 (217,292)     0.0614
 (230,292)     0.0688
 (232,292)     0.0483
 (248,292)     0.1482
 (255,292)     0.0458
 (256,292)     0.0385
 (261,292)     0.0442
 (262,292)     0.0433
 (293,292)     0.0259
 (296,292)     0.0258
 (297,292)     0.0420
 (299,292)     0.0480
 (301,292)     0.0439
 (310,292)     0.0637
 (311,292)     0.0647
  (47,293)     0.2160
  (65,293)     0.2037
  (67,293)     0.1428
 (109,293)     0.1714
 (112,293)     0.1319
 (118,293)     0.1207
 (131,293)     0.1290
 (133,293)     0.1082
 (142,293)     0.1469
 (144,293)     0.1335
 (146,293)     0.1503
 (147,293)     0.1487
 (152,293)     0.1265
 (153,293)     0.1171
 (159,293)     0.1148
 (162,293)     0.1393
 (166,293)     0.1055
 (167,293)     0.1038
 (172,293)     0.0891
 (174,293)     0.1294
 (177,293)     0.1250
 (179,293)     0.1260
 (182,293)     0.0876
 (183,293)     0.1575
 (184,293)     0.1008
 (201,293)     0.1558
 (203,293)     0.1527
 (216,293)     0.0595
 (217,293)     0.0734
 (219,293)     0.1165
 (225,293)     0.0530
 (230,293)     0.0887
 (233,293)     0.0750
 (246,293)     0.1198
 (248,293)     0.1233
 (253,293)     0.1200
 (255,293)     0.0657
 (258,293)     0.0911
 (261,293)     0.0291
 (262,293)     0.0285
 (263,293)     0.1143
 (274,293)     0.0820
 (276,293)     0.0588
 (281,293)     0.0368
 (283,293)     0.0220
 (284,293)     0.0698
 (286,293)     0.0419
 (288,293)     0.0124
 (290,293)     0.0172
 (292,293)     0.0259
 (296,293)     0.0032
 (297,293)     0.0165
 (299,293)     0.0730
 (301,293)     0.0681
 (303,293)     0.0238
 (305,293)     0.0696
 (306,293)     0.0838
 (307,293)     0.0766
 (308,293)     0.0378
 (309,293)     0.0393
 (310,293)     0.0860
 (311,293)     0.0865
 (261,294)     0.0320
 (230,295)     0.0532
 (255,295)     0.0394
  (67,296)     0.1460
 (112,296)     0.1346
 (118,296)     0.1237
 (123,296)     0.1222
 (150,296)     0.1517
 (166,296)     0.1085
 (176,296)     0.1048
 (182,296)     0.0905
 (216,296)     0.0627
 (217,296)     0.0758
 (225,296)     0.0562
 (232,296)     0.0582
 (233,296)     0.0773
 (255,296)     0.0672
 (256,296)     0.0574
 (258,296)     0.0926
 (261,296)     0.0323
 (262,296)     0.0316
 (275,296)     0.0415
 (276,296)     0.0601
 (288,296)     0.0138
 (292,296)     0.0258
 (293,296)     0.0032
 (297,296)     0.0162
 (303,296)     0.0212
 (308,296)     0.0349
 (311,296)     0.0848
 (118,297)     0.1305
 (144,297)     0.1276
 (152,297)     0.1400
 (166,297)     0.1032
 (182,297)     0.0973
 (217,297)     0.0870
 (219,297)     0.1056
 (230,297)     0.1044
 (232,297)     0.0681
 (255,297)     0.0816
 (258,297)     0.0784
 (261,297)     0.0329
 (262,297)     0.0327
 (276,297)     0.0458
 (288,297)     0.0083
 (292,297)     0.0420
 (293,297)     0.0165
 (296,297)     0.0162
 (308,297)     0.0319
 (147,298)     0.1155
 (221,298)     0.0650
 (230,298)     0.0577
 (255,298)     0.0460
 (284,298)     0.0130
 (299,298)     0.0072
 (300,298)     0.0105
  (67,299)     0.1685
  (92,299)     0.1427
  (94,299)     0.1427
  (95,299)     0.1392
 (109,299)     0.1431
 (112,299)     0.1321
 (118,299)     0.1337
 (119,299)     0.1363
 (123,299)     0.1317
 (125,299)     0.1366
 (131,299)     0.1240
 (143,299)     0.1253
 (144,299)     0.1958
 (146,299)     0.1238
 (147,299)     0.1226
 (150,299)     0.1227
 (152,299)     0.1153
 (159,299)     0.1108
 (161,299)     0.1106
 (162,299)     0.1136
 (166,299)     0.1618
 (167,299)     0.1108
 (172,299)     0.1243
 (174,299)     0.1053
 (176,299)     0.1028
 (177,299)     0.1023
 (179,299)     0.1019
 (182,299)     0.1088
 (201,299)     0.2268
 (217,299)     0.0784
 (218,299)     0.0735
 (219,299)     0.1873
 (221,299)     0.0722
 (230,299)     0.0648
 (232,299)     0.0771
 (248,299)     0.1961
 (255,299)     0.0523
 (256,299)     0.0563
 (258,299)     0.1635
 (261,299)     0.0907
 (273,299)     0.0353
 (284,299)     0.0198
 (286,299)     0.0357
 (287,299)     0.0244
 (292,299)     0.0480
 (293,299)     0.0730
 (298,299)     0.0072
 (301,299)     0.0076
 (305,299)     0.0118
 (306,299)     0.0178
 (307,299)     0.0182
 (310,299)     0.0234
 (311,299)     0.0257
 (321,299)     0.1232
 (322,299)     0.1274
 (325,299)     0.1326
 (147,300)     0.1247
 (221,300)     0.0749
 (230,300)     0.0680
 (255,300)     0.0564
 (284,300)     0.0235
 (298,300)     0.0105
 (301,300)     0.0097
 (307,300)     0.0160
  (67,301)     0.1705
  (94,301)     0.1457
 (109,301)     0.1495
 (112,301)     0.1362
 (118,301)     0.1366
 (119,301)     0.1425
 (123,301)     0.1347
 (131,301)     0.1284
 (146,301)     0.1300
 (147,301)     0.1288
 (150,301)     0.1289
 (152,301)     0.1202
 (159,301)     0.1149
 (161,301)     0.1143
 (162,301)     0.1196
 (166,301)     0.1603
 (167,301)     0.1138
 (174,301)     0.1111
 (176,301)     0.1064
 (177,301)     0.1079
 (179,301)     0.1077
 (182,301)     0.1105
 (217,301)     0.0807
 (219,301)     0.1834
 (221,301)     0.0779
 (230,301)     0.0697
 (232,301)     0.0775
 (248,301)     0.1914
 (255,301)     0.0551
 (261,301)     0.0876
 (286,301)     0.0337
 (287,301)     0.0250
 (292,301)     0.0439
 (293,301)     0.0681
 (299,301)     0.0076
 (300,301)     0.0097
 (305,301)     0.0055
 (306,301)     0.0175
 (307,301)     0.0142
 (310,301)     0.0219
 (311,301)     0.0237
 (321,301)     0.1240
 (123,302)     0.1351
 (167,302)     0.1143
 (310,302)     0.0218
 (261,303)     0.0490
 (293,303)     0.0238
 (296,303)     0.0212
 (261,304)     0.0526
 (112,305)     0.1417
 (118,305)     0.1419
 (131,305)     0.1339
 (146,305)     0.1353
 (147,305)     0.1340
 (152,305)     0.1257
 (162,305)     0.1249
 (174,305)     0.1164
 (176,305)     0.1118
 (182,305)     0.1155
 (221,305)     0.0832
 (230,305)     0.0751
 (255,305)     0.0605
 (261,305)     0.0905
 (293,305)     0.0696
 (299,305)     0.0118
 (301,305)     0.0055
 (307,305)     0.0092
 (311,305)     0.0192
 (109,306)     0.1568
 (112,306)     0.1493
 (118,306)     0.1514
 (119,306)     0.1505
 (131,306)     0.1410
 (143,306)     0.1394
 (146,306)     0.1383
 (147,306)     0.1372
 (150,306)     0.1371
 (152,306)     0.1319
 (162,306)     0.1284
 (174,306)     0.1206
 (176,306)     0.1204
 (179,306)     0.1173
 (182,306)     0.1266
 (217,306)     0.0963
 (221,306)     0.0880
 (230,306)     0.0816
 (255,306)     0.0701
 (261,306)     0.1047
 (284,306)     0.0373
 (293,306)     0.0838
 (299,306)     0.0178
 (301,306)     0.0175
 (307,306)     0.0086
 (310,306)     0.0059
 (311,306)     0.0086
  (67,307)     0.1847
 (109,307)     0.1608
 (112,307)     0.1500
 (118,307)     0.1508
 (123,307)     0.1489
 (131,307)     0.1421
 (146,307)     0.1418
 (147,307)     0.1406
 (152,307)     0.1335
 (162,307)     0.1317
 (167,307)     0.1280
 (174,307)     0.1234
 (176,307)     0.1204
 (179,307)     0.1201
 (182,307)     0.1246
 (217,307)     0.0950
 (221,307)     0.0905
 (230,307)     0.0830
 (232,307)     0.0915
 (255,307)     0.0692
 (261,307)     0.0987
 (293,307)     0.0766
 (299,307)     0.0182
 (300,307)     0.0160
 (301,307)     0.0142
 (305,307)     0.0092
 (306,307)     0.0086
 (310,307)     0.0094
 (311,307)     0.0103
 (261,308)     0.0638
 (288,308)     0.0389
 (293,308)     0.0378
 (296,308)     0.0349
 (297,308)     0.0319
 (261,309)     0.0645
 (293,309)     0.0393
  (67,310)     0.1917
  (94,310)     0.1661
 (109,310)     0.1625
 (112,310)     0.1552
 (118,310)     0.1570
 (119,310)     0.1563
 (123,310)     0.1551
 (131,310)     0.1469
 (143,310)     0.1452
 (146,310)     0.1441
 (147,310)     0.1430
 (150,310)     0.1429
 (152,310)     0.1378
 (162,310)     0.1342
 (167,310)     0.1341
 (174,310)     0.1264
 (176,310)     0.1261
 (177,310)     0.1238
 (179,310)     0.1232
 (182,310)     0.1319
 (217,310)     0.1017
 (221,310)     0.0940
 (230,310)     0.0875
 (232,310)     0.0994
 (255,310)     0.0756
 (261,310)     0.1079
 (292,310)     0.0637
 (293,310)     0.0860
 (299,310)     0.0234
 (301,310)     0.0219
 (302,310)     0.0218
 (306,310)     0.0059
 (307,310)     0.0094
 (311,310)     0.0027
  (47,311)     0.2976
  (67,311)     0.1939
  (94,311)     0.1684
 (109,311)     0.1652
 (112,311)     0.1577
 (118,311)     0.1594
 (119,311)     0.1590
 (131,311)     0.1494
 (143,311)     0.1479
 (146,311)     0.1468
 (147,311)     0.1457
 (150,311)     0.1456
 (152,311)     0.1404
 (162,311)     0.1369
 (166,311)     0.1832
 (167,311)     0.1365
 (174,311)     0.1291
 (176,311)     0.1285
 (177,311)     0.1264
 (179,311)     0.1259
 (182,311)     0.1340
 (201,311)     0.2423
 (203,311)     0.2392
 (217,311)     0.1039
 (221,311)     0.0966
 (230,311)     0.0901
 (232,311)     0.1013
 (248,311)     0.2091
 (255,311)     0.0779
 (261,311)     0.1090
 (263,311)     0.1993
 (284,311)     0.0455
 (287,311)     0.0486
 (292,311)     0.0647
 (293,311)     0.0865
 (296,311)     0.0848
 (299,311)     0.0257
 (301,311)     0.0237
 (305,311)     0.0192
 (306,311)     0.0086
 (307,311)     0.0103
 (310,311)     0.0027
 (320,311)     0.0968
 (321,311)     0.1011
 (322,311)     0.1057
 (324,311)     0.1021
 (325,311)     0.1105
 (313,312)     0.0096
 (316,312)     0.0180
 (318,312)     0.0272
   (8,313)     0.3829
  (47,313)     0.3086
  (67,313)     0.3992
 (118,313)     0.4076
 (166,313)     0.3226
 (182,313)     0.3823
 (201,313)     0.2389
 (219,313)     0.2595
 (246,313)     0.2387
 (248,313)     0.2347
 (255,313)     0.3924
 (258,313)     0.2609
 (261,313)     0.3292
 (263,313)     0.2344
 (312,313)     0.0096
 (314,313)     0.0045
 (315,313)     0.0072
 (316,313)     0.0086
 (317,313)     0.0071
 (318,313)     0.0179
 (319,313)     0.0212
 (326,313)     0.0736
 (329,313)     0.3011
 (331,313)     0.3468
 (313,314)     0.0045
 (316,314)     0.0042
 (317,314)     0.0036
 (313,315)     0.0072
 (316,315)     0.0013
 (317,315)     0.0022
  (47,316)     0.3074
 (201,316)     0.2359
 (248,316)     0.2303
 (312,316)     0.0180
 (313,316)     0.0086
 (314,316)     0.0042
 (315,316)     0.0013
 (317,316)     0.0028
 (318,316)     0.0113
 (319,316)     0.0133
 (313,317)     0.0071
 (314,317)     0.0036
 (315,317)     0.0022
 (316,317)     0.0028
 (201,318)     0.2421
 (248,318)     0.2349
 (312,318)     0.0272
 (313,318)     0.0179
 (316,318)     0.0113
 (319,318)     0.0051
 (313,319)     0.0212
 (316,319)     0.0133
 (318,319)     0.0051
 (147,320)     0.2151
 (150,320)     0.2143
 (311,320)     0.0968
 (324,320)     0.0054
 (109,321)     0.2300
 (118,321)     0.2510
 (119,321)     0.2271
 (147,321)     0.2166
 (150,321)     0.2158
 (162,321)     0.2101
 (174,321)     0.2054
 (177,321)     0.2044
 (182,321)     0.2303
 (217,321)     0.1991
 (221,321)     0.1789
 (230,321)     0.1774
 (255,321)     0.1729
 (261,321)     0.2098
 (299,321)     0.1232
 (301,321)     0.1240
 (311,321)     0.1011
 (322,321)     0.0054
 (323,321)     0.0061
 (324,321)     0.0050
 (325,321)     0.0094
 (147,322)     0.2187
 (150,322)     0.2178
 (221,322)     0.1818
 (255,322)     0.1767
 (273,322)     0.1556
 (299,322)     0.1274
 (311,322)     0.1057
 (321,322)     0.0054
 (325,322)     0.0061
 (321,323)     0.0061
 (147,324)     0.2201
 (150,324)     0.2193
 (311,324)     0.1021
 (320,324)     0.0054
 (321,324)     0.0050
 (147,325)     0.2247
 (150,325)     0.2238
 (221,325)     0.1877
 (273,325)     0.1612
 (299,325)     0.1326
 (311,325)     0.1105
 (321,325)     0.0094
 (322,325)     0.0061
 (313,326)     0.0736
 (328,327)     0.0093
 (329,327)     0.0163
 (330,327)     0.0935
 (332,327)     0.0013
 (327,328)     0.0093
 (329,328)     0.0070
 (313,329)     0.3011
 (327,329)     0.0163
 (328,329)     0.0070
 (330,329)     0.0784
 (327,330)     0.0935
 (329,330)     0.0784
 (248,331)     0.5326
 (313,331)     0.3468
 (327,332)     0.0013